1958  4  7 15 30 39.5  10       66.10 -156.80 7.3         190     66.56   -152.68   6    2   ALLAKAKET                       U
1958  4  7 15 30 39.5  10       66.10 -156.80 7.3         314     68.15   -151.79   5    2   ANAKTUVUK PASS                  U
1958  4  7 15 30 39.5  10   G   66.10 -156.80 7.3         520     61.58   -159.55   4    2   ANIAK                           U
1958  4  7 15 30 39.5  10   G   66.10 -156.80 7.3         415     62.66   -160.20   4    2   ANVIK                           U
1958  4  7 15 30 39.5  10       66.10 -156.80 7.3         243     66.90   -151.69   5    2   BETTLES                         U
1958  4  7 15 30 39.5  10       66.10 -156.80 7.3         238     66.92   -151.83   5    2   BETTLES FIELD                   U
1958  4  7 15 30 39.5  10       66.10 -156.80 7.3         232     65.91   -161.93   5    2   CANDLE                          U
1958  4  7 15 30 39.5  10   G   66.10 -156.80 7.3         571     65.83   -144.18   4    2   CIRCLE                          U
1958  4  7 15 30 39.5  10       66.10 -156.80 7.3         437     64.86   -147.80   5    2   COLLEGE                         U
1958  4  7 15 30 39.5  10   G   66.10 -156.80 7.3         318     65.18   -150.21   4    2   EUREKA                          U
1958  4  7 15 30 39.5  10       66.10 -156.80 7.3         441     64.85   -147.72   6    2   FAIRBANKS                       U
1958  4  7 15 30 39.5  10       66.10 -156.80 7.3         427     62.46   -153.96   5    2   FAREWELL                        U
1958  4  7 15 30 39.5  10   G   66.10 -156.80 7.3         515     66.57   -145.30   4    2   FORT YUKON                      U
1958  4  7 15 30 39.5  10       66.10 -156.80 7.3         154     64.71   -157.00   6    2   GALENA                          U
1958  4  7 15 30 39.5  10   G   66.10 -156.80 7.3         382     63.45   -161.96   4    2   HEALY                           U
1958  4  7 15 30 39.5  10       66.10 -156.80 7.3          52     66.22   -155.67   5    2   HOGATZA                         U
1958  4  7 15 30 39.5  10       66.10 -156.80 7.3         111     66.03   -154.33   7    2   HUGHES                          U
1958  4  7 15 30 39.5  10       66.10 -156.80 7.3          50     65.66   -156.50   8    2   HUSLIA                          H
1958  4  7 15 30 39.5  10       66.10 -156.80 7.3         139     66.06   -153.70   6    2   INDIAN MOUNTAIN                 U
1958  4  7 15 30 39.5  10       66.10 -156.80 7.3         137     66.63   -159.59   7    2   KOBUK                           U
1958  4  7 15 30 39.5  10       66.10 -156.80 7.3         163     64.94   -154.63   7    2   KOKRINES                        U
1958  4  7 15 30 39.5  10       66.10 -156.80 7.3         269     66.82   -162.60   6    2   KOTZEBUE                        U
1958  4  7 15 30 39.5  10       66.10 -156.80 7.3         143     64.88   -157.83   5    2   KOYUKUK                         U
1958  4  7 15 30 39.5  10       66.10 -156.80 7.3         321     63.90   -152.36   5    2   LAKE MINCHUMINA                 U
1958  4  7 15 30 39.5  10       66.10 -156.80 7.3         309     65.00   -150.63   5    2   MANLEY HOT SPRINGS              U
1958  4  7 15 30 39.5  10       66.10 -156.80 7.3         354     62.95   -155.59   5    2   MCGRATH                         U
1958  4  7 15 30 39.5  10       66.10 -156.80 7.3         288     64.70   -162.04   5    2   MOSES POINT                     U
1958  4  7 15 30 39.5  10       66.10 -156.80 7.3         385     64.58   -149.33   5    2   NENANA                          U
1958  4  7 15 30 39.5  10   G   66.10 -156.80 7.3         212     66.83   -161.23   4    2   NOORVIK                         U
1958  4  7 15 30 39.5  10       66.10 -156.80 7.3         167     64.70   -158.16   5    2   NULATO                          U
1958  4  7 15 30 39.5  10   G   66.10 -156.80 7.3         578     71.30   -156.80   4    2   POINT BARROW                    U
1958  4  7 15 30 39.5  10   G   66.10 -156.80 7.3         304     65.48   -150.30   4    2   RAMPART                         U
1958  4  7 15 30 39.5  10       66.10 -156.80 7.3         167     64.68   -155.58   7    2   RUBY                            U
1958  4  7 15 30 39.5  10       66.10 -156.80 7.3         159     66.58   -160.16   5    2   SELAWIK                         U
1958  4  7 15 30 39.5  10       66.10 -156.80 7.3          88     66.88   -157.16   6    2   SHUNGNAK                        U
1958  4  7 15 30 39.5  10       66.10 -156.80 7.3         535     61.96   -151.18   6    2   SKWENTNA                        U
1958  4  7 15 30 39.5  10       66.10 -156.80 7.3         346     66.01   -149.13   6    2   STEVENS VILLAGE                 U
1958  4  7 15 30 39.5  10   G   66.10 -156.80 7.3         476     63.33   -149.13   4    2   SUMMIT                          U
1958  4  7 15 30 39.5  10       66.10 -156.80 7.3         528     62.33   -150.11   5    2   TALKEETNA                       U
1958  4  7 15 30 39.5  10       66.10 -156.80 7.3         239     65.17   -152.08   7    2   TANANA                          U
1958  4  7 15 30 39.5  10   G   66.10 -156.80 7.3         449     65.20   -166.38   4    2   TELLER                          U
1958  4  7 15 30 39.5  10   G   66.10 -156.80 7.3         350     64.85   -149.82   4    2   TOLOVANA                        U
1958  4  7 15 30 39.5  10   G   66.10 -156.80 7.3         412     69.36   -152.13   4    2   UMIAT                           U
1958  4  7 15 30 39.5  10       66.10 -156.80 7.3         312     63.86   -160.83   5    2   UNALAKLEET                      U
1958  4  7 15 30 39.5  10       66.10 -156.80 7.3         466     67.00   -146.50   5    2   VENETIE                         U
1958  4  7 15 30 39.5  10       66.10 -156.80 7.3         327     67.41   -150.10   5    2   WISEMAN                         U