1958  7 10  6 15 51.0  10   G   58.60 -137.10 7.9         738     61.13   -149.35   4    2   ANCHORAGE                       U
1958  7 10  6 15 51.0  10   G   58.60 -137.10 7.9         192     57.50   -134.58   4    2   ANGOON                          U
1958  7 10  6 15 51.0  10       58.60 -137.10 7.9         177     58.31   -134.10   5    2   ANNEX CREEK                     U
1958  7 10  6 15 51.0  10       58.60 -137.10 7.9         215     57.08   -134.83   7    2   BARANOF                         U
1958  7 10  6 15 51.0  10       58.60 -137.10 7.9         339     56.00   -134.13   5    2   CAPE DECISION                   U
1958  7 10  6 15 51.0  10       58.60 -137.10 7.9         449     59.90   -144.60   5    2   CAPE SAINT ELIAS                U
1958  7 10  6 15 51.0  10       58.60 -137.10 7.9         532     60.55   -145.75   5    2   CORDOVA                         U
1958  7 10  6 15 51.0  10       58.60 -137.10 7.9          95     59.13   -138.41  11    2   DRY BAY (AKWE RIVER)            U
1958  7 10  6 15 51.0  10       58.60 -137.10 7.9          95     59.13   -138.41  11    2   DRY BAY (EAST RIVER)            U
1958  7 10  6 15 51.0  10       58.60 -137.10 7.9          98     58.41   -135.45   6    2   EXCURSION INLET                 U
1958  7 10  6 15 51.0  10       58.60 -137.10 7.9         729     60.95   -149.30   5    2   GIRDWOOD                        U
1958  7 10  6 15 51.0  10       58.60 -137.10 7.9         117     59.18   -135.38   9    2   HAINES                          U
1958  7 10  6 15 51.0  10       58.60 -137.10 7.9          24     58.38   -137.07   9    2   ICY POINT                       U
1958  7 10  6 15 51.0  10       58.60 -137.10 7.9         170     58.39   -134.20   7    2   JUNEAU                          U
1958  7 10  6 15 51.0  10   G   58.60 -137.10 7.9         491     55.36   -131.58   4    2   KETCHIKAN                       U
1958  7 10  6 15 51.0  10       58.60 -137.10 7.9         136     58.39   -134.78   9    2   LENA POINT                      U
1958  7 10  6 15 51.0  10       58.60 -137.10 7.9         298     56.27   -134.63   5    2   LITTLE PORT WALTER              U
1958  7 10  6 15 51.0  10       58.60 -137.10 7.9          31     58.61   -137.65  11    2   LITUYA BAY                      H
1958  7 10  6 15 51.0   8       58.60 -137.10 7.9        1439     48.69   -122.92   5   54   ORCAS ISLAND                    U
1958  7 10  6 15 51.0  10       58.60 -137.10 7.9          94     57.91   -136.16   7    2   PELICAN                         U
1958  7 10  6 15 51.0  10       58.60 -137.10 7.9         316     56.81   -132.95   5    2   PETERSBURG                      U
1958  7 10  6 15 51.0  10       58.60 -137.10 7.9         126     58.41   -134.95   5    2   POINT RETREAT LIGHT STATION     U
1958  7 10  6 15 51.0   8       58.60 -137.10 7.9        1564     47.60   -122.33   4   54   SEATTLE                         U
1958  7 10  6 15 51.0  10       58.60 -137.10 7.9         194     57.04   -135.60   7    2   SITKA                           U
1958  7 10  6 15 51.0  10       58.60 -137.10 7.9         133     59.38   -135.33   9    2   SKAGWAY                         U
1958  7 10  6 15 51.0  10       58.60 -137.10 7.9         798     60.51   -150.80   5    2   STERLING                        U
1958  7 10  6 15 51.0  10       58.60 -137.10 7.9         587     61.13   -146.36   5    2   VALDEZ                          U
1958  7 10  6 15 51.0  10       58.60 -137.10 7.9         365     56.45   -132.46   5    2   WRANGELL                        U
1958  7 10  6 15 51.0  10       58.60 -137.10 7.9         183     59.48   -139.81  11    2   YAKUTAT                         U
1958  7 10  6 15 51.0  10       58.60 -137.10 7.9         188     59.60   -139.77  11    2   YAKUTAT BAY (KHANTAAK IS)       U