1985 12 30 12 41  2.7           61.54 -150.34 5.5   62     70     61.13   -149.35   5    2   ANCHORAGE                       U
1985 12 30 12 41  2.7           61.54 -150.34 5.5   62     47     61.41   -149.50   4    2   CHUGIAK                         U
1985 12 30 12 41  2.7           61.54 -150.34 5.5   62    121     60.48   -149.83   4    2   COOPER LANDING                  U
1985 12 30 12 41  2.7           61.54 -150.34 5.5   62     47     61.33   -149.57   5    2   EAGLE RIVER                     U
1985 12 30 12 41  2.7           61.54 -150.34 5.5   62     43     61.25   -149.79   4    2   ELMENDORF AIR FORCE BASE        U
1985 12 30 12 41  2.7           61.54 -150.34 5.5   62     47     61.25   -149.68   4    2   FORT RICHARDSON                 U
1985 12 30 12 41  2.7           61.54 -150.34 5.5   62     86     60.95   -149.30   4    2   GIRDWOOD                        U
1985 12 30 12 41  2.7           61.54 -150.34 5.5   62    119     60.58   -151.31   4    2   KENAI                           U
1985 12 30 12 41  2.7           61.54 -150.34 5.5   62     67     61.60   -149.08   4    2   PALMER                          U
1985 12 30 12 41  2.7           61.54 -150.34 5.5   62     50     61.40   -149.44   4    2   PETERS CREEK                    U
1985 12 30 12 41  2.7           61.54 -150.34 5.5   62    167     60.11   -149.41   3    2   SEWARD                          U
1985 12 30 12 41  2.7           61.54 -150.34 5.5   62     64     61.96   -151.18   4    2   SKWENTNA                        U
1985 12 30 12 41  2.7           61.54 -150.34 5.5   62     80     61.71   -148.86   4    2   SUTTON                          U
1985 12 30 12 41  2.7           61.54 -150.34 5.5   62     79     61.01   -151.33   4    2   TYONEK                          U
1985 12 30 12 41  2.7           61.54 -150.34 5.5   62     44     61.58   -149.50   4    2   WASILLA                         U
1985 12 30 12 41  2.7           61.54 -150.34 5.5   62     21     61.70   -150.13   4    2   WILLOW                          U