1964  3 28  3 36 14.0  10   G   61.04 -147.73 8.3   33   2025     51.86   -176.66   3    2   ADAK                            U
1964  3 28  3 36 14.0  10       61.04 -147.73 8.3   33    633     59.28   -158.63   5    2   ALEKNAGIK                       U
1964  3 28  3 36 14.0  10       61.04 -147.73 8.3   33     87     61.13   -149.35   8    2   ANCHORAGE                       U
1964  3 28  3 36 14.0  10   G   61.04 -147.73 8.3   33    842     57.50   -134.58   3    2   ANGOON                          U
1964  3 28  3 36 14.0  10   G   61.04 -147.73 8.3   33    788     68.08   -145.78   3    2   ARCTIC VILLAGE                  U
1964  3 28  3 36 14.0  10       61.04 -147.73 8.3   33   1026     70.12   -143.67   4    2   BARTER ISLAND                   U
1964  3 28  3 36 14.0  10       61.04 -147.73 8.3   33    756     60.79   -161.75   5    2   BETHEL                          U
1964  3 28  3 36 14.0  10       61.04 -147.73 8.3   33    588     66.26   -145.81   6    2   BIRCH CREEK                     U
1964  3 28  3 36 14.0  10       61.04 -147.73 8.3   33    468     61.36   -139.00   5   99   BURWASH LANDING                 U
1964  3 28  3 36 14.0  10       61.04 -147.73 8.3   33    267     63.38   -148.95   5    2   CANTWELL                        U
1964  3 28  3 36 14.0  10       61.04 -147.73 8.3   33                              4    2   CANYON VILLAGE                  U
1964  3 28  3 36 14.0  10       61.04 -147.73 8.3   33    310     60.07   -142.41   7    2   CAPE YAKATAGA                   U
1964  3 28  3 36 14.0  10       61.04 -147.73 8.3   33    523     65.57   -144.90   6    2   CENTRAL                         U
1964  3 28  3 36 14.0  10   G   61.04 -147.73 8.3   33     91     61.79   -148.46   3    2   CHI                             U
1964  3 28  3 36 14.0  10       61.04 -147.73 8.3   33    811     56.30   -158.45   5    2   CHIGNIK                         U
1964  3 28  3 36 14.0  10       61.04 -147.73 8.3   33   1056     52.06   -142.05   5    2   CHISANA                         U
1964  3 28  3 36 14.0  10       61.04 -147.73 8.3   33    233     62.56   -144.66   6    2   CHISTOCHINA                     U
1964  3 28  3 36 14.0  10       61.04 -147.73 8.3   33    178     61.50   -144.52   8    2   CHITINA                         U
1964  3 28  3 36 14.0  10       61.04 -147.73 8.3   33    103     61.41   -149.50   6    2   CHUGIAK                         U
1964  3 28  3 36 14.0  10       61.04 -147.73 8.3   33    562     65.83   -144.06   5    2   CIRCLE CITY                     U
1964  3 28  3 36 14.0  10       61.04 -147.73 8.3   33    517     65.48   -144.63   6    2   CIRCLE HOT SPRINGS              U
1964  3 28  3 36 14.0  10       61.04 -147.73 8.3   33    262     62.70   -144.16   5    2   COBB LAKE                       U
1964  3 28  3 36 14.0  10       61.04 -147.73 8.3   33   1081     55.18   -162.50   4    2   COLD BAY                        U
1964  3 28  3 36 14.0  10       61.04 -147.73 8.3   33    424     64.86   -147.80   6    2   COLLEGE                         U
1964  3 28  3 36 14.0  10   G   61.04 -147.73 8.3   33                              3    2   COOPER LAKE                     U
1964  3 28  3 36 14.0  10       61.04 -147.73 8.3   33    129     60.48   -149.83   7    2   COOPER LANDING                  U
1964  3 28  3 36 14.0  10       61.04 -147.73 8.3   33    163     61.95   -145.30   7    2   COPPER CENTER                   U
1964  3 28  3 36 14.0  10       61.04 -147.73 8.3   33    166     60.60   -144.80   7    2   COPPER RIVER HIGHWAY            U
1964  3 28  3 36 14.0  10       61.04 -147.73 8.3   33    164     62.13   -145.63   7    2   COPPER VALLEY SCHOOL            U
1964  3 28  3 36 14.0  10       61.04 -147.73 8.3   33    120     60.55   -145.75   7    2   CORDOVA                         U
1964  3 28  3 36 14.0  10       61.04 -147.73 8.3   33    211     62.61   -150.01   5    2   CURRY                           U
1964  3 28  3 36 14.0  10       61.04 -147.73 8.3   33    541     64.05   -139.41   4   99   DAWSON                          U
1964  3 28  3 36 14.0  10       61.04 -147.73 8.3   33    347     64.03   -145.73   6    2   DELTA JUNCTION                  U
1964  3 28  3 36 14.0  10       61.04 -147.73 8.3   33    281     63.50   -149.00   6    2   DENALI LAKES                    U
1964  3 28  3 36 14.0  10       61.04 -147.73 8.3   33    509     60.85   -138.30   5   99   DESTRUCTION BAY                 U
1964  3 28  3 36 14.0  10       61.04 -147.73 8.3   33    592     58.50   -157.05   5    2   DILLINGHAM                      U
1964  3 28  3 36 14.0  10   G   61.04 -147.73 8.3   33    811     65.11   -161.16   3    2   DIME LANDING                    U
1964  3 28  3 36 14.0  10       61.04 -147.73 8.3   33    437     61.25   -139.58   5   99   DONJEK RIVER                    U
1964  3 28  3 36 14.0  10       61.04 -147.73 8.3   33    525     64.76   -141.33   5    2   EAGLE                           U
1964  3 28  3 36 14.0  10       61.04 -147.73 8.3   33    103     61.33   -149.57   7    2   EAGLE RIVER                     U
1964  3 28  3 36 14.0  10       61.04 -147.73 8.3   33    111     61.33   -149.73   7    2   EAGLE RIVER VALLEY              U
1964  3 28  3 36 14.0  10   G   61.04 -147.73 8.3   33                              3   94   EAST KOOTENAYS                  U
1964  3 28  3 36 14.0  10       61.04 -147.73 8.3   33    629     58.18   -157.40   6    2   EGEGIK                          U
1964  3 28  3 36 14.0  10       61.04 -147.73 8.3   33     98     61.46   -149.36   7    2   EKLUTNA                         U
1964  3 28  3 36 14.0  10       61.04 -147.73 8.3   33    476     65.18   -150.21   7    2   EUREKA                          U
1964  3 28  3 36 14.0  10       61.04 -147.73 8.3   33    423     64.85   -147.72   6    2   FAIRBANKS                       U
1964  3 28  3 36 14.0  10       61.04 -147.73 8.3   33    363     62.46   -153.96   5    2   FAREWELL                        U
1964  3 28  3 36 14.0  10   G   61.04 -147.73 8.3   33   1630     56.25   -120.85   3   94   FORT ST. JOHN                   U
1964  3 28  3 36 14.0  10       61.04 -147.73 8.3   33    626     66.57   -145.30   6    2   FORT YUKON                      U
1964  3 28  3 36 14.0  10       61.04 -147.73 8.3   33   1490     54.51   -125.58   4   94   FRANCOIS LAKE                   U
1964  3 28  3 36 14.0  10       61.04 -147.73 8.3   33    197     62.33   -145.15   6    2   GAKONA                          U
1964  3 28  3 36 14.0  10   G   61.04 -147.73 8.3   33   1265     63.76   -171.75   3    2   GAMBELL                         U
1964  3 28  3 36 14.0  10       61.04 -147.73 8.3   33    315     63.82   -148.97   4    2   GARNER                          U
1964  3 28  3 36 14.0  10       61.04 -147.73 8.3   33     85     60.95   -149.30   7    2   GIRDWOOD AREA                   U
1964  3 28  3 36 14.0  10       61.04 -147.73 8.3   33     99     61.30   -149.51   7    2   GLENN HGHY MI  42.0             U
1964  3 28  3 36 14.0  10       61.04 -147.73 8.3   33     91     61.47   -149.20   7    2   GLENN HGHY MI  55.5             U
1964  3 28  3 36 14.0  10       61.04 -147.73 8.3   33     93     61.64   -148.95   7    2   GLENN HGHY MI  72.0             U
1964  3 28  3 36 14.0  10       61.04 -147.73 8.3   33     91     61.73   -148.65   7    2   GLENN HGHY MI  94.0             U
1964  3 28  3 36 14.0  10       61.04 -147.73 8.3   33                              7    2   GLENN HGHY MI  95.0             U
1964  3 28  3 36 14.0  10       61.04 -147.73 8.3   33                              7    2   GLENN HGHY MI 113.0             U
1964  3 28  3 36 14.0  10       61.04 -147.73 8.3   33    165     62.11   -145.55   8    2   GLENNALLEN                      U
1964  3 28  3 36 14.0  10       61.04 -147.73 8.3   33    172     62.11   -145.36   7    2   GLENNALLEN (6 MI E)             U
1964  3 28  3 36 14.0  10       61.04 -147.73 8.3   33    217     62.76   -149.69   5    2   GOLD CREEK                      U
1964  3 28  3 36 14.0  10   G   61.04 -147.73 8.3   33    713     59.18   -135.38   3    2   HAINES                          U
1964  3 28  3 36 14.0  10       61.04 -147.73 8.3   33    317     63.83   -149.01   6    2   HEALY FORK                      U
1964  3 28  3 36 14.0  10   G   61.04 -147.73 8.3   33    648     62.20   -159.77   3    2   HOLY CROSS                      U
1964  3 28  3 36 14.0  10       61.04 -147.73 8.3   33    262     59.63   -151.55   7    2   HOMER                           U
1964  3 28  3 36 14.0  10       61.04 -147.73 8.3   33    765     58.10   -135.41   4    2   HOONAH                          U
1964  3 28  3 36 14.0  10       61.04 -147.73 8.3   33    109     60.91   -149.75   8    2   HOPE                            U
1964  3 28  3 36 14.0  10       61.04 -147.73 8.3   33     95     60.80   -149.43   6    2   HOPE JUNCTION                   U
1964  3 28  3 36 14.0  10       61.04 -147.73 8.3   33    236     62.97   -149.63   6    2   HURRICANE                       U
1964  3 28  3 36 14.0  10       61.04 -147.73 8.3   33    435     59.50   -155.00   5    2   ILIAMNA LAKE                    U
1964  3 28  3 36 14.0  10       61.04 -147.73 8.3   33    812     58.39   -134.20   6    2   JUNEAU                          U
1964  3 28  3 36 14.0  10       61.04 -147.73 8.3   33    547     65.37   -142.50   6    2   KANDIK RIVER                    U
1964  3 28  3 36 14.0  10       61.04 -147.73 8.3   33    207     60.38   -151.29   7    2   KASILOF                         U
1964  3 28  3 36 14.0  10       61.04 -147.73 8.3   33    200     60.58   -151.31   7    2   KENAI                           U
1964  3 28  3 36 14.0  10       61.04 -147.73 8.3   33    195     60.62   -151.23   7    2   KENAI (WILDWOOD STATION)        U
1964  3 28  3 36 14.0  10       61.04 -147.73 8.3   33    563     58.67   -156.66   6    2   KING SALMON                     U
1964  3 28  3 36 14.0  10       61.04 -147.73 8.3   33    454     57.75   -152.50   7    2   KODIAK                          U
1964  3 28  3 36 14.0  10       61.04 -147.73 8.3   33    555     64.94   -154.63   5    2   KOKRINES                        U
1964  3 28  3 36 14.0  10       61.04 -147.73 8.3   33    965     66.82   -162.60   5    2   KOTZEBUE                        U
1964  3 28  3 36 14.0  10       61.04 -147.73 8.3   33    714     67.46   -148.49   4    2   LAKE CHANDALAR                  U
1964  3 28  3 36 14.0  10       61.04 -147.73 8.3   33    714     67.46   -148.11   4    2   LAKE CHANDALAR (10 MI E)        U
1964  3 28  3 36 14.0  10   G   61.04 -147.73 8.3   33    499     65.52   -148.54   3    2   LIVENGOOD                       U
1964  3 28  3 36 14.0  10       61.04 -147.73 8.3   33    463     65.00   -150.63   4    2   MANLEY HOT SPRINGS              U
1964  3 28  3 36 14.0  10       61.04 -147.73 8.3   33    675     63.56   -135.80   5   99   MAYO                            U
1964  3 28  3 36 14.0  10       61.04 -147.73 8.3   33    461     62.95   -155.59   6    2   MCGRATH                         U
1964  3 28  3 36 14.0  10       61.04 -147.73 8.3   33    194     59.43   -146.33   6    2   MIDDLETON ISLAND                U
1964  3 28  3 36 14.0  10       61.04 -147.73 8.3   33    463     65.12   -149.60   6    2   MINTO                           U
1964  3 28  3 36 14.0  10       61.04 -147.73 8.3   33    435     64.90   -149.20   4   99   MINTO                           U
1964  3 28  3 36 14.0  10       61.04 -147.73 8.3   33    116     60.00   -147.50  10    2   MONTAGUE ISLAND                 H
1964  3 28  3 36 14.0  10       61.04 -147.73 8.3   33    110     60.48   -149.40   8    2   MOOSE PASS                      U
1964  3 28  3 36 14.0  10       61.04 -147.73 8.3   33    305     63.73   -148.91   6    2   MT MCKINLEY NATIONAL PARK       U
1964  3 28  3 36 14.0  10       61.04 -147.73 8.3   33    575     58.75   -157.00   6    2   NAKNEK                          U
1964  3 28  3 36 14.0  10       61.04 -147.73 8.3   33    401     64.58   -149.33   6    2   NENANA                          U
1964  3 28  3 36 14.0  10       61.04 -147.73 8.3   33    388     64.46   -149.33   6    2   NENANA (8 MI S)                 U
1964  3 28  3 36 14.0  10   G   61.04 -147.73 8.3   33    984     64.69   -165.52   3    2   NOME                            U
1964  3 28  3 36 14.0  10       61.04 -147.73 8.3   33    406     60.00   -154.86   6    2   NONDALTON                       U
1964  3 28  3 36 14.0  10   G   61.04 -147.73 8.3   33   2011     49.34   -123.13   3   94   NORTH VANCOUVER                 U
1964  3 28  3 36 14.0  10       61.04 -147.73 8.3   33    532     57.21   -153.33   7    2   OLD HARBOR                      U
1964  3 28  3 36 14.0  10       61.04 -147.73 8.3   33     95     61.60   -149.08   7    2   PALMER                          U
1964  3 28  3 36 14.0  10       61.04 -147.73 8.3   33    248     63.03   -145.58   6    2   PAXSON                          U
1964  3 28  3 36 14.0  10       61.04 -147.73 8.3   33    238     62.92   -145.53   6    2   PAXSON LAKE                     U
1964  3 28  3 36 14.0  10   G   61.04 -147.73 8.3   33    966     56.81   -132.95   3    2   PETERSBURG                      U
1964  3 28  3 36 14.0  10       61.04 -147.73 8.3   33    678     57.57   -157.58   6    2   PILOT POINT                     U
1964  3 28  3 36 14.0  10       61.04 -147.73 8.3   33    359     60.25   -154.13   6    2   PORT ALSWORTH                   U
1964  3 28  3 36 14.0  10       61.04 -147.73 8.3   33     29     60.90   -148.20   7    2   PORT WELLS                      U
1964  3 28  3 36 14.0  10       61.04 -147.73 8.3   33     71     60.82   -148.97  10    2   PORTAGE                         U
1964  3 28  3 36 14.0  10   G   61.04 -147.73 8.3   33   1676     53.91   -122.75   3   94   PRINCE GEORGE                   U
1964  3 28  3 36 14.0  10   G   61.04 -147.73 8.3   33   1270     54.32   -130.32   3   94   PRINCE RUPERT                   U
1964  3 28  3 36 14.0  10   G   61.04 -147.73 8.3   33    299     62.00   -153.00   3    2   PUNTILLA                        U
1964  3 28  3 36 14.0  10       61.04 -147.73 8.3   33                              7    2   RICHARDSON HWY MI 101.0         U
1964  3 28  3 36 14.0  10       61.04 -147.73 8.3   33    173     62.13   -145.39   7    2   RICHARDSON HWY MI 111.0         U
1964  3 28  3 36 14.0  10       61.04 -147.73 8.3   33    174     62.15   -145.39   7    2   RICHARDSON HWY MI 111.0         U
1964  3 28  3 36 14.0  10       61.04 -147.73 8.3   33    191     62.35   -145.37   7    2   RICHARDSON HWY MI 127.0         U
1964  3 28  3 36 14.0  10       61.04 -147.73 8.3   33    191     62.35   -145.37   6    2   RICHARDSON HWY MI 218.0         U
1964  3 28  3 36 14.0  10       61.04 -147.73 8.3   33    155     61.70   -145.16   7    2   RICHARDSON HWY MI 82.0          U
1964  3 28  3 36 14.0  10       61.04 -147.73 8.3   33                              7    2   RICHARDSON HWY MI 83.0          U
1964  3 28  3 36 14.0  10       61.04 -147.73 8.3   33                              7    2   RICHARDSON HWY MI 89.0          U
1964  3 28  3 36 14.0  10       61.04 -147.73 8.3   33    567     64.68   -155.58   5    2   RUBY                            U
1964  3 28  3 36 14.0  10       61.04 -147.73 8.3   33    907     69.20   -148.35   5    2   SAL LAKE                        U
1964  3 28  3 36 14.0  10       61.04 -147.73 8.3   33    281     59.48   -151.75   7    2   SELDOVIA                        U
1964  3 28  3 36 14.0  10       61.04 -147.73 8.3   33    138     60.11   -149.41   8    2   SEWARD                          U
1964  3 28  3 36 14.0  10       61.04 -147.73 8.3   33    644     62.58   -159.58   6    2   SHAGELUK                        U
1964  3 28  3 36 14.0  10       61.04 -147.73 8.3   33    234     62.56   -144.63   6    2   SINONA CREEK                    U
1964  3 28  3 36 14.0  10   G   61.04 -147.73 8.3   33    822     57.04   -135.60   3    2   SITKA                           U
1964  3 28  3 36 14.0  10       61.04 -147.73 8.3   33    617     56.53   -154.00   7    2   SITKINAK ISLAND                 U
1964  3 28  3 36 14.0  10       61.04 -147.73 8.3   33    708     59.38   -135.33   5    2   SKAGWAY                         U
1964  3 28  3 36 14.0  10       61.04 -147.73 8.3   33    209     61.96   -151.18   7    2   SKWENTNA                        U
1964  3 28  3 36 14.0  10       61.04 -147.73 8.3   33    202     62.53   -145.51   6    2   SLANA                           U
1964  3 28  3 36 14.0  10       61.04 -147.73 8.3   33    508     61.66   -157.18   5    2   SLEETMUTE                       U
1964  3 28  3 36 14.0  10       61.04 -147.73 8.3   33    411     62.40   -140.46   6   99   SNAG                            U
1964  3 28  3 36 14.0  10       61.04 -147.73 8.3   33    190     60.48   -151.05   7    2   SOLDOTNA                        U
1964  3 28  3 36 14.0  10       61.04 -147.73 8.3   33    579     58.68   -157.00   6    2   SOUTH NAKNEK                    U
1964  3 28  3 36 14.0  10       61.04 -147.73 8.3   33    460     57.68   -152.48   7    2   SPRUCE CAPE                     U
1964  3 28  3 36 14.0  10       61.04 -147.73 8.3   33    714     67.46   -148.21   4    2   STEESE HIGHWAY                  U
1964  3 28  3 36 14.0  10       61.04 -147.73 8.3   33    176     60.51   -150.80   7    2   STERLING                        U
1964  3 28  3 36 14.0  10       61.04 -147.73 8.3   33    264     63.33   -149.13   6    2   SUMMIT                          U
1964  3 28  3 36 14.0  10       61.04 -147.73 8.3   33    196     62.41   -150.10   7    2   SUSITNA RIVER VALLEY            U
1964  3 28  3 36 14.0  10       61.04 -147.73 8.3   33     95     61.71   -148.86   7    2   SUTTON                          U
1964  3 28  3 36 14.0  10       61.04 -147.73 8.3   33    190     62.33   -150.11   6    2   TALKEETNA                       U
1964  3 28  3 36 14.0  10       61.04 -147.73 8.3   33    337     63.35   -143.50   4    2   TANACROSS                       U
1964  3 28  3 36 14.0  10       61.04 -147.73 8.3   33    508     65.17   -152.08   6    2   TANANA                          U
1964  3 28  3 36 14.0  10       61.04 -147.73 8.3   33    132     62.06   -146.45   7    2   TAZLINA                         U
1964  3 28  3 36 14.0  10       61.04 -147.73 8.3   33    353     63.08   -142.53   6    2   TETLIN                          U
1964  3 28  3 36 14.0  10       61.04 -147.73 8.3   33    740     59.08   -160.50   5    2   TOGIAK                          U
1964  3 28  3 36 14.0  10       61.04 -147.73 8.3   33    352     63.31   -142.98   6    2   TOK                             U
1964  3 28  3 36 14.0  10   G   61.04 -147.73 8.3   33    485     57.76   -153.40   3    2   UGANIK                          U
1964  3 28  3 36 14.0  10       61.04 -147.73 8.3   33    947     69.36   -152.13   5    2   UMIAT                           U
1964  3 28  3 36 14.0  10       61.04 -147.73 8.3   33    741     63.86   -160.83   5    2   UNALAKLEET                      U
1964  3 28  3 36 14.0  10       61.04 -147.73 8.3   33   1231     54.75   -165.00   4    2   UNIMAK ISLAND                   U
1964  3 28  3 36 14.0  10       61.04 -147.73 8.3   33     74     61.13   -146.36   8    2   VALDEZ                          U
1964  3 28  3 36 14.0  10   G   61.04 -147.73 8.3   33   1200     70.64   -160.03   3    2   WAINWRIGHT                      U
1964  3 28  3 36 14.0  10       61.04 -147.73 8.3   33    111     61.58   -149.50   7    2   WASILLA                         U
1964  3 28  3 36 14.0  10       61.04 -147.73 8.3   33    429     62.50   -140.16   6   99   WHITE RIVER                     U
1964  3 28  3 36 14.0  10       61.04 -147.73 8.3   33    686     60.71   -135.05   5   99   WHITEHORSE                      U
1964  3 28  3 36 14.0  10       61.04 -147.73 8.3   33     66     60.75   -148.80   8    2   WHITTIER                        U
1964  3 28  3 36 14.0  10       61.04 -147.73 8.3   33    741     67.50   -151.58   4    2   WILD LAKE                       U
1964  3 28  3 36 14.0  10       61.04 -147.73 8.3   33    147     61.70   -150.13   6    2   WILLOW                          U
1964  3 28  3 36 14.0  10       61.04 -147.73 8.3   33    216     60.01   -144.38   7    2   WINGHAM ISLAND                  U
1964  3 28  3 36 14.0  10       61.04 -147.73 8.3   33    469     59.48   -139.81   6    2   YAKUTAT                         U
1964  3 28  3 36 14.2  10   G   61.00 -147.80 8.5   33    276     61.35   -142.69   4    2   MAY CREEK                       U
1964  3 28  3 36 14.2   8       61.00 -147.80 8.5   33   2199     47.60   -122.33       54   SEATTLE                         Q