-489.106717,432.887554,-56.219163,-921.994271,-1.129870,-211728.210367
0.245095,-0.838980,-0.593885,1.084075,-0.292134,-0.205630
729.271516,-108.971606,620.299910,838.243122,-6.692308,-79469.888309
914.392078,428.621286,1343.013364,485.770792,2.133333,391927.908381
-550.116465,-360.421132,-910.537597,-189.695333,1.526316,198273.599047
-451.001280,-131.105023,-582.106303,-319.896257,3.440000,59128.533187
-822.698597,850.745140,28.046543,-1673.443737,-0.967033,-699906.833083
-523.001765,-532.686983,-1055.688748,9.685218,0.981818,278596.232302
150.577883,-277.380310,-126.802427,427.958193,-0.542857,-41767.339866
-58.986336,170.639044,111.652708,-229.625380,-0.345679,-10065.371984
-0.322889,2.809139,2.486250,-3.132028,-0.114942,-0.907040
176.012447,-109.413143,66.599304,285.425590,-1.608696,-19258.075033
373.907845,-625.445850,-251.538005,999.353695,-0.597826,-233859.109938
3112.352204,-435.364792,2676.987412,3547.716996,-7.148838,-1355008.569925
425.598982,256.710497,682.309479,168.888485,1.657895,109255.726192
-371.202866,452.686421,81.483555,-823.889287,-0.820000,-168038.496874
207.224972,591.200654,798.425626,-383.975682,0.350515,122511.538972
-141.060722,-441.383548,-582.444270,300.322826,0.319588,62261.881960
-598.135249,190.315761,-407.819488,-788.451010,-3.142857,-113834.565094
-176.738041,219.286088,42.548047,-396.024129,-0.805970,-38756.193612
-245.859422,-269.556716,-515.416138,23.697294,0.912088,66273.058392
-524.655430,300.645246,-224.010184,-825.300676,-1.745098,-157735.160818
429.496795,406.154578,835.651373,23.342217,1.057471,174442.089526
-253.224017,220.549951,-32.674066,-473.773968,-1.148148,-55848.544541
-29.423173,-138.709246,-168.132419,109.286073,0.212121,4081.266142
-704.876141,-803.230951,-1508.107092,98.354810,0.877551,566178.333073
-525.122590,572.324620,47.202030,-1097.447210,-0.917526,-300540.586775
3.034849,-11.886494,-8.851645,14.921343,-0.255319,-36.073714
136.729831,164.582204,301.312035,-27.852373,0.830769,22503.296939
-826.990780,-318.839819,-1145.830599,-508.150961,2.593750,263677.590610
158.584419,139.444920,298.029339,19.139499,1.137255,22113.791621
564.063822,44.121499,608.185321,519.942323,12.784330,24887.341358
40.045013,52.608155,92.653168,-12.563142,0.761194,2106.694251
642.001378,123.759302,765.760680,518.242076,5.187500,79453.642424
-14.224618,27.026775,12.802157,-41.251393,-0.526316,-384.445550
622.266317,-513.369712,108.896605,1135.636029,-1.212121,-319452.679946
-12.006168,3.001542,-9.004626,-15.007710,-4.000000,-36.037018
228.458069,-325.113405,-96.655336,553.571474,-0.702703,-74274.780712
5.809609,71.167714,76.977323,-65.358105,0.081633,413.456592
275.651058,-10.880963,264.770095,286.532021,-25.333333,-2999.348963
239.083420,291.565146,530.648566,-52.481726,0.820000,69708.392258
-50.617776,4.132063,-46.485713,-54.749839,-12.250001,-209.155839
-76.082681,-112.394869,-188.477550,36.312188,0.676923,8551.302964
444.115512,205.966614,650.082126,238.148898,2.156250,91472.968232
703.191785,325.131685,1028.323470,378.060100,2.162791,228629.929935
71.140675,-85.632294,-14.491619,156.772969,-0.830769,-6091.939197
411.102247,-305.311800,105.790447,716.414047,-1.346500,-125514.367016
-15.524499,-20.699333,-36.223832,5.174834,0.750000,321.346774
47.474315,-516.283175,-468.808860,563.757490,-0.091954,-24510.190079
-200.351380,126.537714,-73.813666,-326.889094,-1.583333,-25352.005622
-341.568481,-447.834231,-789.402712,106.265750,0.762712,152966.058022
-655.391652,853.733862,198.342210,-1509.125514,-0.767677,-559530.046185
165.165545,186.291371,351.456916,-21.125826,0.886598,30768.915820
147.981483,400.982083,548.963566,-253.000600,0.369048,59337.923299
248.003662,275.869242,523.872904,-27.865580,0.898990,68416.582249
-3.355519,-14.211611,-17.567130,10.856092,0.236111,47.687331
88.541688,-177.083377,-88.541689,265.625065,-0.500000,-15679.261116
442.298406,78.630828,520.929234,363.667578,5.625000,34778.289887
-559.924830,-496.707510,-1056.632340,-63.217320,1.127273,278118.868096
-42.973441,219.642029,176.668588,-262.615470,-0.195652,-9438.773774
179.885118,-255.774152,-75.889034,435.659270,-0.703297,-46009.963514
22.404313,242.713395,265.117708,-220.309082,0.092308,5437.826871
-309.045640,64.070438,-244.975202,-373.116078,-4.823529,-19800.689517
-43.698780,-33.724059,-77.422839,-9.974721,1.295775,1473.700235
57.854136,-37.605188,20.248948,95.459324,-1.538462,-2175.615661
-944.987374,255.934080,-689.053294,-1200.921454,-3.692308,-241854.474176
-205.293397,-870.052969,-1075.346366,664.759572,0.235955,178616.129576
-293.194969,-323.736111,-616.931080,30.541142,0.905660,94917.799029
-48.443844,-28.547265,-76.991109,-19.896579,1.696970,1382.939252
-59.687768,-91.521245,-151.209013,31.833477,0.652174,5462.698839
619.968338,-236.482768,383.485570,856.451106,-2.621622,-146611.828643
-612.361106,-257.040464,-869.401570,-355.320642,2.382353,157401.582822
-445.082202,59.650192,-385.432010,-504.732394,-7.461538,-26549.238805
-555.110705,-5.722791,-560.833496,-549.387914,96.999996,3176.782547
-363.590419,166.954784,-196.635635,-530.545203,-2.177778,-60703.159869
3.434672,-1.661938,1.772734,5.096610,-2.066667,-5.708212
-63.728092,47.313280,-16.414812,-111.041372,-1.346939,-3015.185061
622.577253,455.317692,1077.894945,167.259561,1.367347,283470.437928
-412.968196,-164.299175,-577.267371,-248.669021,2.513514,67850.333904
359.414791,-302.235165,57.179626,661.649956,-1.189189,-108627.788661
-170.404428,255.606643,85.202215,-426.011071,-0.666667,-43556.503793
-196.781044,233.391470,36.610426,-430.172514,-0.843137,-45927.017127
-645.167255,345.089462,-300.077793,-990.256717,-1.869565,-222640.420928
25.117808,12.423862,37.541670,12.693946,2.021739,312.060180
-662.795151,-46.675715,-709.470866,-616.119436,14.200000,30936.437571
-381.125051,450.420514,69.295463,-831.545565,-0.846154,-171666.541370
-402.873955,-229.414336,-632.288291,-173.459619,1.756098,92425.060878
-132.118414,-287.829402,-419.947816,155.710988,0.459016,38027.564095
163.946491,-343.262965,-179.316474,507.209456,-0.477612,-56276.758602
31.958960,-24.856969,7.101991,56.815929,-1.285714,-794.402878
618.625399,-440.935125,177.690274,1059.560524,-1.402985,-272773.667636
70.197175,-129.594784,-59.397609,199.791959,-0.541667,-9097.187732
-371.311145,361.539799,-9.771346,-732.850944,-1.027027,-134243.756730
306.533605,240.170660,546.704265,66.362945,1.276316,73620.378225
247.707172,247.707172,495.414344,0.000000,1.000000,61358.843060
506.506939,201.569088,708.076027,304.937851,2.512821,102096.141760
123.553669,132.275104,255.828773,-8.721435,0.934066,16343.074417
428.495469,-211.142695,217.352774,639.638164,-2.029412,-90473.688120
-96.448351,106.906605,10.458254,-203.354956,-0.902174,-10310.965763
7.505198,-13.478722,-5.973524,20.983920,-0.556818,-101.160477
330.982066,-583.158877,-252.176811,914.140943,-0.567568,-193015.129916
216.088138,305.785101,521.873239,-89.696963,0.706667,66076.533103
-175.132694,541.816773,366.684079,-716.949467,-0.323232,-94889.831110
-302.777612,302.777612,0.000000,-605.555224,-1.000000,-91674.282328
-479.687159,-266.492866,-746.180025,-213.194293,1.800000,127833.205785
-689.326443,560.652174,-128.674269,-1249.978617,-1.229508,-386472.368864
-120.642519,-32.171338,-152.813857,-88.471181,3.750000,3881.231256
82.497824,-326.241395,-243.743571,408.739219,-0.252874,-26914.205186
193.900804,-35.444233,158.456571,229.345037,-5.470588,-6872.665276
354.375814,-263.721536,90.654278,618.097350,-1.343750,-93456.533989
6.936128,38.148702,45.084830,-31.212574,0.181818,264.604280
41.809908,250.859451,292.669359,-209.049543,0.166667,10488.410567
-318.402004,-135.320852,-453.722856,-183.081152,2.352941,43086.430460
-184.489801,24.366577,-160.123224,-208.856378,-7.571429,-4495.384942
3.673878,1.018063,4.691941,2.655815,3.608694,3.740239
-79.105916,490.456679,411.350763,-569.562595,-0.161290,-38798.024851
-259.124610,-304.852482,-563.977092,45.727872,0.850000,78994.780506
-704.568577,300.909496,-403.659081,-1005.478073,-2.341463,-212011.375403
16.887645,-15.503412,1.384233,32.391057,-1.089286,-261.816118
-585.894036,-620.872784,-1206.766820,34.978748,0.943662,363765.661260
212.077952,-193.286235,18.791717,405.364187,-1.097222,-40991.748869
-338.255068,-256.479118,-594.734186,-81.775950,1.318841,86755.361500
82.816648,754.551678,837.368326,-671.735030,0.109756,62489.440715
-303.603040,404.804054,101.201014,-708.407094,-0.750000,-122899.741399
641.190819,734.117025,1375.307844,-92.926206,0.873418,470709.096502
-117.475905,87.769355,-29.706550,-205.245260,-1.338462,-10310.784410
-517.620052,-351.242178,-868.862230,-166.377874,1.473684,181809.994441
27.065402,496.199039,523.264441,-469.133637,0.054545,13429.826463
-84.682550,-149.439795,-234.122345,64.757245,0.566667,12654.942912
-127.318774,17.263563,-110.055211,-144.582337,-7.375000,-2197.975676
-510.925905,-833.615950,-1344.541855,322.690045,0.612903,425915.983676
320.678368,-409.376640,-88.698272,730.055008,-0.783333,-131278.232813
-436.354963,-53.931512,-490.286475,-382.423451,8.090909,23533.282923
-217.180489,167.228976,-49.951513,-384.409465,-1.298701,-36318.870783
38.136213,-97.459211,-59.322998,135.595424,-0.391304,-3716.725230
-858.883354,-792.081315,-1650.964669,-66.802039,1.084337,680305.456468
226.046736,-535.814485,-309.767749,761.861221,-0.421875,-121119.115436
30.841990,-52.297287,-21.455297,83.139277,-0.589744,-1612.952403
-147.794710,65.100051,-82.694659,-212.894761,-2.270270,-9621.443159
137.424291,-132.602386,4.821905,270.026677,-1.036364,-18222.788881
271.928370,-445.399917,-173.471547,717.328287,-0.610526,-121116.873428
128.367396,62.400817,190.768213,65.966579,2.057143,8010.230387
911.806300,799.005520,1710.811820,112.800780,1.141176,728538.266871
-220.049363,199.338835,-20.710528,-419.388198,-1.103896,-43864.383663
-243.354147,134.621443,-108.732704,-377.975590,-1.807692,-32760.686429
-171.658274,-275.451649,-447.109923,103.793375,0.623188,47283.554638
32.627267,25.786066,58.413333,6.841201,1.265306,841.328860
-58.115371,44.087523,-14.027848,-102.202894,-1.318182,-2562.162756
31.956095,562.427276,594.383371,-530.471181,0.056818,17972.979462
-280.932407,-469.923299,-750.855706,188.990892,0.597826,132016.683493
241.769009,-14.802184,226.966825,256.571193,-16.333334,-3578.709357
-350.225992,921.647348,571.421356,-1271.873340,-0.380000,-322784.856727
-36.809021,34.125030,-2.683991,-70.934051,-1.078652,-1256.108946
-265.890935,101.664181,-164.226754,-367.555116,-2.615385,-27031.584142
-223.972808,-654.689747,-878.662555,430.716939,0.342105,146632.701004
157.559976,185.364678,342.924654,-27.804702,0.850000,29206.054217
437.142124,-304.438265,132.703859,741.580389,-1.435897,-133082.789789
611.939342,-423.650314,188.289028,1035.589656,-1.444444,-259248.294387
-37.208316,-100.994001,-138.202317,63.785685,0.368421,3757.816703
-189.293732,47.323433,-141.970299,-236.617165,-4.000000,-8958.029244
301.440847,-251.200706,50.240141,552.641553,-1.200000,-75722.153584
769.674624,-491.478977,278.195647,1261.153601,-1.566038,-378278.896826
24.146249,77.612942,101.759191,-53.466693,0.311111,1874.061423
-768.747553,-149.999522,-918.747075,-618.748031,5.125000,115311.765489
-861.089255,-673.035280,-1534.124535,-188.053975,1.279412,579543.447844
515.508296,-715.059895,-199.551599,1230.568191,-0.720930,-368619.308009
-152.157578,-267.203552,-419.361130,115.045974,0.569444,40657.045305
-21.910647,-8.391312,-30.301959,-13.519335,2.611111,183.859075
-183.224591,-301.302660,-484.527251,118.078069,0.608108,55206.056646
-89.718486,-242.239912,-331.958398,152.521426,0.370370,21733.398153
-81.927951,134.270809,52.342858,-216.198760,-0.610169,-11000.532260
257.217120,-595.990889,-338.773769,853.208009,-0.431579,-153299.060015
146.799132,407.775367,554.574499,-260.976235,0.360000,59861.069927
249.054671,-418.411847,-169.357176,667.466518,-0.595238,-104207.424897
-150.656513,-329.342144,-479.998657,178.685631,0.457447,49617.538999
-389.617110,166.353373,-223.263737,-555.970483,-2.342105,-64814.120427
-384.061915,322.116445,-61.945470,-706.178360,-1.192308,-123712.658720
70.329991,-173.480644,-103.150653,243.810635,-0.405405,-12200.892131
342.960546,-578.325626,-235.365080,921.286172,-0.593023,-198342.872459
156.351032,57.781903,214.132935,98.569129,2.705882,9034.260165
545.575804,-465.884956,79.690848,1011.460760,-1.171053,-254175.559441
-504.451146,138.476785,-365.974361,-642.927931,-3.642857,-69854.772888
8.911630,-141.100810,-132.189180,150.012440,-0.063158,-1257.438211
308.757477,212.587116,521.344593,96.170361,1.452381,65637.861579
-33.586635,403.039624,369.452989,-436.626259,-0.083333,-13536.744742
244.252904,258.835167,503.088071,-14.582263,0.943662,63221.241197
289.954916,-27.880280,262.074636,317.835196,-10.400000,-8084.024245
-39.114738,-593.240188,-632.354926,554.125450,0.065934,23204.434525
781.669198,476.189282,1257.858480,305.479916,1.641509,372222.494157
133.168049,-76.740910,56.427139,209.908959,-1.735294,-10219.437263
-145.825314,531.833499,386.008185,-677.658813,-0.274194,-77554.786987
130.333602,-422.280872,-291.947270,552.614474,-0.308642,-55037.387103
-894.189279,737.475694,-156.713585,-1631.664973,-1.212500,-659442.859098
113.817452,433.590293,547.407745,-319.772841,0.262500,49350.142361
492.326638,529.251136,1021.577774,-36.924498,0.930233,260564.432445
-432.603026,-475.015087,-907.618113,42.412061,0.910714,205492.964032
536.624993,338.073746,874.698739,198.551247,1.587302,181418.821581
24.033497,-753.049579,-729.016082,777.083076,-0.031915,-18098.414798
228.155098,-139.577236,88.577862,367.732334,-1.634615,-31845.257958
-686.769473,703.726744,16.957271,-1390.496217,-0.975904,-483298.045113
-188.136612,-241.200784,-429.337396,53.064172,0.780000,45378.698314
125.158169,-388.649052,-263.490883,513.807221,-0.322034,-48642.603732
268.139321,-425.098923,-156.959602,693.238244,-0.630769,-113985.736571
-865.289683,-757.128473,-1622.418156,-108.161210,1.142857,655135.456392
179.624057,-261.271356,-81.647299,440.895413,-0.687500,-46930.620943
-580.640442,580.640442,0.000000,-1161.280884,-1.000000,-337143.322886
-464.118108,-154.706036,-618.824144,-309.412072,3.000000,71801.872724
187.483837,-192.056613,-4.572776,379.540450,-0.976190,-36007.510726
-49.587449,289.260116,239.672667,-338.847565,-0.171429,-14343.671250
-65.625601,-133.985602,-199.611203,68.360001,0.489796,8792.885657
103.714221,249.856986,353.571207,-146.142765,0.415094,25913.722664
-147.983285,-236.773256,-384.756541,88.789971,0.625000,35038.484223
-107.017978,-24.322268,-131.340246,-82.695710,4.400000,2602.919942
-704.015498,-142.301005,-846.316503,-561.714493,4.947368,100182.112901
262.495329,28.766611,291.261940,233.728718,9.125000,7551.101019
-130.276404,498.115664,367.839260,-628.392068,-0.261538,-64892.717482
-709.955585,9.220202,-700.735383,-719.175787,-77.000003,-6545.933905
466.812522,-206.125010,260.687512,672.937532,-2.264706,-96221.735765
449.654098,-564.271809,-114.617711,1013.925907,-0.796875,-253727.131303
-254.267427,841.038412,586.770985,-1095.305839,-0.302326,-213848.673027
-244.794874,-215.122768,-459.917642,-29.672106,1.137931,52660.950887
203.288548,365.919386,569.207934,-162.630838,0.555556,74387.220665
-192.049316,-320.082193,-512.131509,128.032877,0.600000,61471.566229
-87.217299,24.463389,-62.753910,-111.680688,-3.565217,-2133.630713
-220.853062,46.379143,-174.473919,-267.232205,-4.761905,-10242.975744
69.769692,93.026257,162.795949,-23.256565,0.750000,6490.413299
37.822041,-132.377144,-94.555103,170.199185,-0.285714,-5006.773768
-127.351101,664.045029,536.693928,-791.396130,-0.191781,-84566.865557
-925.817636,-39.820113,-965.637749,-885.997523,23.250000,36866.162883
101.404491,-234.831452,-133.426961,336.235943,-0.431818,-23812.963861
266.671769,-544.228100,-277.556331,810.899869,-0.490000,-145130.270167
189.032112,-372.813333,-183.781221,561.845445,-0.507042,-70473.691719
-93.260709,-24.686658,-117.947367,-68.574051,3.777778,2302.295228
-6.834108,-38.441858,-45.275966,31.607750,0.177778,262.715809
506.002593,259.488509,765.491102,246.514084,1.950000,131301.858408
-159.686192,8.189036,-151.497156,-167.875228,-19.499999,-1307.675975
258.353649,-349.853899,-91.500250,608.207548,-0.738462,-90386.031424
5.530436,182.504398,188.034834,-176.973962,0.030303,1009.328893
-15.307337,18.879049,3.571712,-34.186386,-0.810811,-288.987965
-102.720410,-164.352656,-267.073066,61.632246,0.625000,16882.372209
485.426895,417.835809,903.262704,67.591086,1.161765,202828.739383
1.384815,105.245959,106.630774,-103.861144,0.013158,145.746183
112.543448,51.943130,164.486578,60.600318,2.166667,5845.858950
-709.664409,-530.209041,-1239.873450,-179.455368,1.338462,376270.485728
-19.088672,112.623166,93.534494,-131.711838,-0.169492,-2149.826675
593.145263,-747.525537,-154.380274,1340.670800,-0.793478,-443391.231243
724.185086,-601.920072,122.265014,1326.105158,-1.203125,-435901.539106
820.848384,-473.891850,346.956534,1294.740234,-1.732143,-388993.359263
238.584788,315.111984,553.696772,-76.527196,0.757143,75180.925899
113.653361,168.758021,282.411382,-55.104660,0.673469,19179.916282
-217.835141,-182.700440,-400.535581,-35.134701,1.192308,39798.576108
395.917284,50.542632,446.459916,345.374652,7.833333,20010.701588
-293.856733,423.153695,129.296962,-717.010428,-0.694444,-124346.562370
3.416224,-4.315230,-0.899006,7.731454,-0.791667,-14.741792
-220.737632,-23.735229,-244.472861,-197.002403,9.300000,5239.258244
-2.872327,-24.806459,-27.678786,21.934132,0.115789,71.252262
-518.614450,591.830607,73.216157,-1110.445057,-0.876289,-306931.904742
9.276768,33.539086,42.815854,-24.262318,0.276596,311.134320
106.009857,-546.358492,-440.348635,652.368349,-0.194030,-57919.385608
-290.378035,50.332193,-240.045842,-340.710228,-5.769231,-14615.363301
-52.200322,129.257941,77.057619,-181.458263,-0.403846,-6747.306141
4.241793,-156.946324,-152.704531,161.188117,-0.027027,-665.733819
89.816152,-459.060332,-369.244180,548.876484,-0.195652,-41231.032556
580.791168,-632.037447,-51.246279,1212.828615,-0.918919,-367081.767063
74.529119,193.775709,268.304828,-119.246590,0.384615,14441.932875
-9.527805,819.391226,809.863421,-828.919031,-0.011628,-7806.999820
177.878262,669.161082,847.039344,-491.282820,0.265823,119029.210264
568.310996,266.395779,834.706775,301.915217,2.133333,151395.650494
51.716358,-83.816167,-32.099809,135.532525,-0.617021,-4334.666899
-744.650570,565.934433,-178.716137,-1310.585003,-1.315789,-421423.398116
842.741200,18.727582,861.468782,824.013618,45.000001,15782.504928
-92.014759,222.369000,130.354241,-314.383759,-0.413793,-20461.229944
173.825846,176.459571,350.285417,-2.633725,0.985075,30673.234214
-811.346443,48.294431,-763.052012,-859.640874,-16.800000,-39183.514809
-323.523233,-151.523539,-475.046772,-171.999694,2.135135,49021.385213
-891.697634,683.634853,-208.062781,-1575.332487,-1.304348,-609595.580940
-436.847418,614.316682,177.469264,-1051.164100,-0.711111,-268362.656366
460.597562,-252.877093,207.720469,713.474655,-1.821429,-116474.572521
32.043220,-154.875562,-122.832342,186.918782,-0.206897,-4962.711706
-662.028502,72.661665,-589.366837,-734.690167,-9.111111,-48104.093233
266.374799,712.944314,979.319113,-446.569515,0.373626,189910.398340
336.186470,376.528847,712.715317,-40.342377,0.892857,126583.903926
-66.840720,-262.588543,-329.429263,195.747823,0.254545,17551.607278
60.283254,-15.864014,44.419240,76.147268,-3.800000,-956.334385
28.229138,112.916552,141.145690,-84.687414,0.250000,3187.536929
449.656911,415.067918,864.724829,34.588993,1.083333,186638.157863
-641.466611,783.089109,141.622498,-1424.555720,-0.819149,-502325.516861
249.101217,141.960908,391.062125,107.140309,1.754717,35362.634949
-326.924300,-379.232188,-706.156488,52.307888,0.862069,123980.217599
176.934633,-21.155228,155.779405,198.089861,-8.363636,-3743.092502
-374.033327,261.823329,-112.209998,-635.856656,-1.428571,-97930.650832
70.993555,-198.781955,-127.788400,269.775510,-0.357143,-14112.237655
-291.317481,231.729814,-59.587667,-523.047295,-1.257143,-67506.945687
137.882045,620.469203,758.351248,-482.587158,0.222222,85551.562569
-277.479591,359.091236,81.611645,-636.570827,-0.772727,-99640.489297
-150.879227,-502.930758,-653.809985,352.051531,0.300000,75881.804002
486.339507,-444.413688,41.925819,930.753195,-1.094340,-216135.933926
458.060807,-423.583112,34.477695,881.643919,-1.081395,-194026.822114
185.466543,-202.719244,-17.252701,388.185787,-0.914894,-37597.637384
-37.416950,51.590037,14.173087,-89.006987,-0.725275,-1930.341835
528.178893,611.914571,1140.093464,-83.735678,0.863158,323200.360721
-7.779709,-44.733329,-52.513038,36.953620,0.173913,348.012282
-32.816257,-7.572982,-40.389239,-25.243275,4.333334,248.516924
-152.199674,54.357026,-97.842648,-206.556700,-2.800000,-8273.121637
-63.093773,-167.012927,-230.106700,103.919154,0.377778,10537.475704
40.748553,24.180460,64.929013,16.568093,1.685185,985.318756
730.984140,85.439705,816.423845,645.544435,8.555556,62455.069281
-198.008425,-163.869041,-361.877466,-34.139384,1.208333,32447.450715
-28.532606,137.907596,109.374990,-166.440202,-0.206897,-3934.863101
-124.810073,340.391109,215.581036,-465.201182,-0.366667,-42484.239163
5.586450,-20.669866,-15.083416,26.256316,-0.270270,-115.471173
486.057794,-319.128855,166.928939,805.186649,-1.523077,-155115.067263
708.397407,-313.846953,394.550454,1022.244360,-2.257143,-222328.367700
-4.574890,-141.821585,-146.396475,137.246695,0.032258,648.818151
136.900026,-795.731403,-658.831377,932.631429,-0.172043,-108935.649760
-169.635739,293.007186,123.371447,-462.642925,-0.578947,-49704.490529
-219.337061,128.576898,-90.760163,-347.913959,-1.705882,-28201.678920
-114.349054,49.551257,-64.797797,-163.900311,-2.307692,-5666.139362
-465.480672,438.496285,-26.984387,-903.976957,-1.061538,-204111.545411
-50.992986,59.491817,8.498831,-110.484803,-0.857143,-3033.665391
8.281684,-8.281684,0.000000,16.563368,-1.000000,-68.586290
212.170470,261.580031,473.750501,-49.409561,0.811111,55499.558120
48.153953,12.274537,60.428490,35.879416,3.923077,591.067478
-304.371791,415.974781,111.602990,-720.346572,-0.731707,-126610.989104
244.335019,-77.742960,166.592059,322.077979,-3.142857,-18995.327609
90.121304,-215.289783,-125.168479,305.411087,-0.418605,-19402.195982
-494.492645,-440.547993,-935.040638,-53.944652,1.122449,217847.742308
331.010977,-73.557995,257.452982,404.568972,-4.500000,-24348.503791
-536.814489,-56.506788,-593.321277,-480.307701,9.500000,30333.662525
-52.078410,-349.669326,-401.747736,297.590916,0.148936,18210.222524
104.917074,-673.217894,-568.300820,778.134968,-0.155844,-70632.051603
497.827497,-607.642386,-109.814889,1105.469883,-0.819277,-302501.088093
-219.094110,355.511198,136.417088,-574.605308,-0.616279,-77890.409521
-52.850656,-50.671247,-103.521903,-2.179409,1.043011,2678.008644
214.268693,-133.072136,81.196557,347.340829,-1.610169,-28513.192655
521.385943,548.827308,1070.213251,-27.441365,0.950000,286150.843526
-109.584993,371.371367,261.786374,-480.956360,-0.295082,-40696.728653
-695.739107,-351.455838,-1047.194945,-344.283269,1.979592,244521.570880
1.637660,-3.275319,-1.637659,4.912979,-0.500000,-5.363859
-480.068357,-878.615672,-1358.684029,398.547315,0.546392,421795.582091
-547.525065,28.817109,-518.707956,-576.342174,-19.000000,-15778.089478
-178.286501,466.691136,288.404635,-644.977637,-0.382022,-83204.729685
141.246587,1.961758,143.208345,139.284829,72.000006,277.091622
510.355090,-42.529591,467.825499,552.884681,-12.000000,-21705.193242
128.108860,-109.361222,18.747638,237.470082,-1.171429,-14010.141479
337.046906,-245.125022,91.921884,582.171928,-1.375000,-82618.630248
194.788306,-212.908149,-18.119843,407.696455,-0.914894,-41472.017677
-13.472416,191.308307,177.835891,-204.780723,-0.070423,-2577.385096
195.726641,-374.433574,-178.706933,570.160215,-0.522727,-73286.625717
163.731790,19.262563,182.994353,144.469227,8.500000,3153.893920
337.627703,295.424240,633.051943,42.203463,1.142857,99743.407562
367.832064,-568.467735,-200.635671,936.299799,-0.647059,-209100.660282
-199.441294,312.168982,112.727688,-511.610276,-0.638889,-62259.385717
80.645270,-97.187889,-16.542619,177.833159,-0.829787,-7837.743549
-28.189076,-11.439045,-39.628121,-16.750031,2.464286,322.456109
686.511580,644.480259,1330.991839,42.031321,1.065217,442443.160885
126.681008,-178.843776,-52.162768,305.524784,-0.708333,-22656.109818
-121.309882,-49.282139,-170.592021,-72.027743,2.461538,5978.410467
-808.007741,263.480785,-544.526956,-1071.488526,-3.066667,-212894.513885
-33.830948,-126.302205,-160.133153,92.471257,0.267857,4272.923330
-3.385241,1.041613,-2.343628,-4.426854,-3.249999,-3.526111
434.694673,-302.733790,131.960883,737.428463,-1.435897,-131596.765850
-298.754764,-657.260482,-956.015246,358.505718,0.454545,196359.700186
303.135894,211.112498,514.248392,92.023396,1.435897,63995.775816
299.904053,-282.262638,17.641415,582.166691,-1.062500,-84651.709147
49.354353,126.127791,175.482144,-76.773438,0.391304,6224.955520
-77.172945,27.782260,-49.390685,-104.955205,-2.777778,-2144.038823
315.208242,185.892040,501.100282,129.316202,1.695652,58594.703130
-140.201429,97.716148,-42.485281,-237.917577,-1.434783,-13699.943586
-3.611590,-14.118033,-17.729623,10.506443,0.255814,50.988547
-456.140458,404.640729,-51.499729,-860.781187,-1.127273,-184573.007452
304.194570,-356.342210,-52.147640,660.536780,-0.853659,-108397.365344
-109.223173,162.564723,53.341550,-271.787896,-0.671875,-17755.834864
-120.836648,-6.118311,-126.954959,-114.718337,19.750001,739.316193
599.418300,275.594621,875.012921,323.823679,2.175000,165196.459209
-194.199973,-122.652614,-316.852587,-71.547359,1.583333,23819.134327
-136.937528,2.402413,-134.535115,-139.339941,-56.999995,-328.980497
-30.238538,25.986243,-4.252295,-56.224781,-1.163636,-785.785996
-15.510611,89.186012,73.675401,-104.696623,-0.173913,-1383.329539
527.236176,-553.597985,-26.361809,1080.834161,-0.952381,-291876.884653
-578.315605,189.448215,-388.867390,-767.763820,-3.052632,-109560.859074
99.519677,0.000000,99.519677,99.519677,0.000000,0.000000
-290.197096,-18.328238,-308.525334,-271.868858,15.833333,5318.801442
301.652091,-23.995053,277.657038,325.647144,-12.571428,-7238.157911
-476.018546,-818.751900,-1294.770446,342.733354,0.581395,389741.088973
-353.451311,227.883082,-125.568229,-581.334393,-1.551020,-80545.574088
-260.682531,743.711926,483.029395,-1004.394457,-0.350515,-193872.707205
448.558226,439.932106,888.490332,8.626120,1.019608,197335.165028
76.213960,-579.226097,-503.012137,655.440057,-0.131579,-44145.114588
-154.163965,-175.186324,-329.350289,21.022359,0.880000,27007.418322
330.567802,-444.995118,-114.427316,775.562920,-0.742857,-147101.058058
685.291561,145.120566,830.412127,540.170995,4.722222,99449.899207
-73.745834,113.608448,39.862614,-187.354282,-0.649123,-8378.149747
309.114930,-256.803173,52.311757,565.918103,-1.203704,-79381.694846
86.509889,108.938379,195.448268,-22.428490,0.794118,9424.247075
297.938885,-397.251846,-99.312961,695.190731,-0.750000,-118356.772061
812.431446,-848.539511,-36.108065,1660.970957,-0.957447,-689380.181910
-87.050096,-87.050096,-174.100192,0.000000,1.000000,7577.719214
710.731989,-602.147935,108.584054,1312.879924,-1.180328,-427965.799515
-202.105850,171.012643,-31.093207,-373.118493,-1.181818,-34562.655574
-133.861585,-140.554664,-274.416249,6.693079,0.952381,18814.870102
-196.667017,-187.590077,-384.257094,-9.076940,1.048387,36892.780862
-645.803767,769.656544,123.852777,-1415.460311,-0.839080,-497047.095411
69.994241,-14.649957,55.344284,84.644198,-4.777778,-1025.412621
-116.922353,-51.445835,-168.368188,-65.476518,2.272727,6015.168080
-575.486809,761.912113,186.425304,-1337.398922,-0.755319,-438470.370649
47.648948,-56.498038,-8.849090,104.146986,-0.843373,-2692.072075
144.282536,-86.569522,57.713014,230.852058,-1.666667,-12490.470174
-145.157857,54.078417,-91.079440,-199.236274,-2.684211,-7849.907122
133.982023,108.461638,242.443661,25.520385,1.235294,14531.909677
61.010432,514.230780,575.241212,-453.220348,0.118644,31373.442035
414.547149,-119.869055,294.678094,534.416204,-3.458333,-49691.375004
270.437732,58.389965,328.827697,212.047767,4.631579,15790.849706
-217.867855,-38.904974,-256.772829,-178.962881,5.600000,8476.143234
875.880448,223.438890,1099.319338,652.441558,3.920000,195705.755074
640.229137,563.783866,1204.013003,76.445271,1.135593,360950.857984
-407.014744,328.742678,-78.272066,-735.757422,-1.238095,-133803.116928
137.594211,152.882457,290.476668,-15.288246,0.900000,21035.741047
651.820265,389.281547,1041.101812,262.538718,1.674419,253741.601125
11.983726,-47.934904,-35.951178,59.918630,-0.250000,-574.438755
136.931828,204.344421,341.276249,-67.412593,0.670103,27981.255109
-588.420927,137.715536,-450.705391,-726.136463,-4.272727,-81034.703355
9.029119,595.921831,604.950950,-586.892712,0.015152,5380.649127
212.386948,51.916810,264.303758,160.470138,4.090909,11026.452826
244.596642,-214.022062,30.574580,458.618704,-1.142857,-52349.077679
-519.505039,-621.702752,-1141.207791,102.197713,0.835616,322977.712424
211.056383,-251.644149,-40.587766,462.700532,-0.838710,-53111.103891
35.348278,383.781307,419.129585,-348.433029,0.092105,13566.008331
418.630930,297.581023,716.211953,121.049907,1.406780,124576.620409
276.567529,-92.189176,184.378353,368.756705,-3.000000,-25496.532607
-98.708899,127.599308,28.890409,-226.308207,-0.773585,-12595.187206
589.333203,-48.306000,541.027203,637.639203,-12.200000,-28468.329704
-186.178385,-161.481253,-347.659638,-24.697132,1.152941,30064.318891
-8.197453,106.566890,98.369437,-114.764343,-0.076923,-873.577072
-90.850254,54.716630,-36.133624,-145.566884,-1.660377,-4971.019734
-83.435952,91.382233,7.946281,-174.818185,-0.913043,-7624.563606
480.960000,-619.318356,-138.358356,1100.278356,-0.776596,-297867.356502
-255.854439,-379.654974,-635.509413,123.800535,0.673913,97136.410386
-87.596296,805.885924,718.289628,-893.482220,-0.108696,-70592.621941
-224.132432,-171.395389,-395.527821,-52.737043,1.307692,38415.265370
-196.666070,426.109819,229.443749,-622.775889,-0.461538,-83801.343491
-91.720469,196.543862,104.823393,-288.264331,-0.466667,-18027.095202
-616.913543,90.110967,-526.802576,-707.024510,-6.846154,-55590.675915
32.505007,-18.690379,13.814628,51.195386,-1.739130,-607.530900
24.371729,-41.688484,-17.316755,66.060213,-0.584615,-1016.020434
-16.590801,-2.262382,-18.853183,-14.328419,7.333333,37.534730
-203.209401,-726.864395,-930.073796,523.654994,0.279570,147705.678316
-561.045818,-654.553454,-1215.599272,93.507636,0.857143,367234.478024
-244.032806,154.314863,-89.717943,-398.347669,-1.581395,-37657.889025
-75.652420,-111.965581,-187.618001,36.313161,0.675676,8470.467159
-37.295798,1.775990,-35.519808,-39.071788,-21.000005,-66.236964
-241.833881,-36.641497,-278.475378,-205.192384,6.600000,8861.155425
875.409107,-565.921039,309.488068,1441.330146,-1.546875,-495412.431384
-295.030195,531.054352,236.024157,-826.084547,-0.555556,-156677.069026
-499.523162,-454.111966,-953.635128,-45.411196,1.100000,226839.445158
-7.524610,-617.017994,-624.542604,609.493384,0.012195,4642.819768
-113.829445,-170.744167,-284.573612,56.914722,0.666667,19435.713767
-309.641737,264.874257,-44.767480,-574.515994,-1.169014,-82016.125024
200.931102,436.806744,637.737846,-235.875642,0.460000,87768.060433
-315.124981,17.188635,-297.936346,-332.313616,-18.333334,-5416.568278
482.660434,-482.660434,0.000000,965.320868,-1.000000,-232961.094549
-312.354369,82.508701,-229.845668,-394.863070,-3.785714,-25771.953238
-144.404146,75.435002,-68.969144,-219.839148,-1.914286,-10893.127042
154.913019,300.143974,455.056993,-145.230955,0.516129,46496.209147
-379.327108,496.043142,116.716034,-875.370250,-0.764706,-188162.610498
-435.118417,88.799677,-346.318740,-523.918094,-4.900000,-38638.374886
145.817484,-77.769325,68.048159,223.586809,-1.875000,-11340.127304
137.965015,-129.342202,8.622813,267.307217,-1.066667,-17844.698839
-622.367989,-92.997516,-715.365505,-529.370473,6.692308,57878.677015
-435.716920,165.572429,-270.144491,-601.289349,-2.631579,-72142.708801
-220.871035,-336.565387,-557.436422,115.694352,0.656250,74337.545372
21.808528,-36.347547,-14.539019,58.156075,-0.600000,-792.686496
-191.107616,-336.207842,-527.315458,145.100226,0.568421,64251.879165
23.505628,63.800990,87.306618,-40.295362,0.368421,1499.682337
-661.267346,-126.418757,-787.686103,-534.848589,5.230769,83596.595926
58.602337,-163.067372,-104.465035,221.669709,-0.359375,-9556.129088
-17.324979,113.849862,96.524883,-131.174841,-0.152174,-1972.446468
38.259208,17.918870,56.178078,20.340338,2.135135,685.561774
374.016979,409.081071,783.098050,-35.064092,0.914286,153003.266342
292.943176,-797.456425,-504.513249,1090.399601,-0.367347,-233609.417861
14.209504,-388.393098,-374.183594,402.602602,-0.036585,-5518.873280
564.482027,711.100735,1275.582762,-146.618708,0.793814,401403.584294
-78.198589,-156.397179,-234.595768,78.198590,0.500000,12230.038721
-7.100494,7.396348,0.295854,-14.496842,-0.960000,-52.517725
528.784146,-470.948380,57.835766,999.732526,-1.122807,-249030.036928
278.306301,-255.740925,22.565376,534.047226,-1.088235,-71174.310851
285.362692,-39.049632,246.313060,324.412324,-7.307692,-11143.308109
131.003532,17.467138,148.470670,113.536394,7.500000,2288.256772
-36.378693,59.354710,22.976017,-95.733403,-0.612903,-2159.246773
123.928404,328.045775,451.974179,-204.117371,0.377778,40654.189335
81.564932,130.503892,212.068824,-48.938960,0.625000,10644.541077
-76.146271,-34.611941,-110.758212,-41.534330,2.200000,2635.570239
-338.428130,172.974378,-165.453752,-511.402508,-1.956522,-58539.395284
-123.646189,97.615412,-26.030777,-221.261601,-1.266667,-12069.773681
-196.349878,60.415347,-135.934531,-256.765225,-3.250000,-11862.546013
78.747268,148.744839,227.492107,-69.997571,0.529412,11713.249700
126.466584,0.000000,126.466584,126.466584,0.000000,0.000000
15.649890,93.899340,109.549230,-78.249450,0.166667,1469.514342
366.288162,-930.569926,-564.281764,1296.858088,-0.393617,-340856.747807
-214.540841,13.002475,-201.538366,-227.543316,-16.500000,-2789.561922
304.664066,-159.948635,144.715431,464.612701,-1.904762,-48730.601490
-30.825003,47.638642,16.813639,-78.463645,-0.647059,-1468.461283
-100.496082,133.445618,32.949536,-233.941700,-0.753086,-13410.761769
324.199048,169.147329,493.346377,155.051719,1.916667,54837.403034
-350.738597,-78.916184,-429.654781,-271.822413,4.444444,27678.951657
-363.436764,112.614209,-250.822555,-476.050973,-3.227273,-40928.143699
24.576901,-120.297463,-95.720562,144.874364,-0.204301,-2956.538839
-199.854854,228.405547,28.550693,-428.260401,-0.875000,-45647.957248
270.686927,38.249240,308.936167,232.437687,7.076923,10353.569236
101.360988,10.485619,111.846607,90.875369,9.666667,1062.832702
334.482008,-794.394768,-459.912760,1128.876776,-0.421053,-265710.757145
-98.126575,-49.063287,-147.189862,-49.063288,2.000000,4814.412312
414.351230,-71.216618,343.134612,485.567848,-5.818182,-29508.693265
55.189784,-57.160847,-1.971063,112.350631,-0.965517,-3154.694799
486.949795,-108.211066,378.738729,595.160861,-4.500000,-52693.356405
416.298553,-432.517977,-16.219424,848.816530,-0.962500,-180056.607972
34.186346,-27.349077,6.837269,61.535423,-1.250000,-934.965009
67.042991,201.128974,268.171965,-134.085983,0.333333,13484.287994
-384.859559,-148.542286,-533.401845,-236.317273,2.590909,57167.918683
692.033965,-403.686480,288.347485,1095.720445,-1.714286,-279364.755371
430.376217,-415.186469,15.189748,845.562686,-1.036585,-178686.381878
-206.872872,-9.851089,-216.723961,-197.021783,21.000000,2037.923074
-60.941599,-16.887431,-77.829030,-44.054168,3.608696,1029.147048
-219.505436,193.164783,-26.340653,-412.670219,-1.136364,-42400.719912
-9.236360,757.381494,748.145134,-766.617854,-0.012195,-6995.448136
178.202246,267.303369,445.505615,-89.101123,0.666667,47634.060719
-271.783250,-355.071665,-626.854915,83.288415,0.765432,96502.531097
685.456029,-8.676659,676.779370,694.132688,-78.999996,-5947.468223
-8.413981,-344.973211,-353.387192,336.559230,0.024390,2902.598043
-22.976963,-673.990920,-696.967883,651.013957,0.034091,15486.264431
-557.663992,532.315629,-25.348363,-1089.979621,-1.047619,-296853.258672
222.245651,184.362869,406.608520,37.882782,1.205479,40973.845841
215.170586,302.995315,518.165901,-87.824729,0.710145,65195.679484
80.537642,-483.225851,-402.688209,563.763493,-0.166667,-38917.870593
-155.640249,-135.013228,-290.653477,-20.627021,1.152778,21013.492424
-16.832094,-14.546254,-31.378348,-2.285840,1.157143,244.843915
27.806522,-240.989854,-213.183332,268.796376,-0.115385,-6701.089677
199.806895,2.245021,202.051916,197.561874,89.000012,448.570675
-115.824008,-137.272898,-253.096906,21.448890,0.843750,15899.497236
-49.563886,-247.819431,-297.383317,198.255545,0.200000,12282.894027
-349.318755,-537.413470,-886.732225,188.094715,0.650000,187728.604261
-247.574014,337.958178,90.384164,-585.532192,-0.732558,-83669.662692
675.756958,-582.840376,92.916582,1258.597334,-1.159420,-393858.439485
-95.428667,138.371567,42.942900,-233.800234,-0.689655,-13204.614190
210.325276,164.602390,374.927666,45.722886,1.277778,34620.043107
-271.095918,712.594983,441.499065,-983.690901,-0.380435,-193181.591079
-259.015438,385.202447,126.187009,-644.217885,-0.672414,-99773.380528
805.284059,-426.897573,378.386486,1232.181632,-1.886364,-343773.810363
-277.228644,-321.585227,-598.813871,44.356583,0.862069,89152.636412
310.937011,412.467464,723.404475,-101.530453,0.753846,128251.400391
372.103260,-176.259439,195.843821,548.362699,-2.111111,-65586.711858
-312.451213,-605.374226,-917.825439,292.923013,0.516129,189149.911233
-208.824617,91.589744,-117.234873,-300.414361,-2.280000,-19126.193212
-424.165917,-424.165917,-848.331834,0.000000,1.000000,179916.725144
166.569614,-233.197459,-66.627845,399.767073,-0.714286,-38843.610731
-458.850605,449.087826,-9.762779,-907.938431,-1.021739,-206064.220658
158.885038,3.695001,162.580039,155.190037,42.999999,587.080374
-370.956217,212.754301,-158.201916,-583.710518,-1.743590,-78922.530649
-198.829842,-47.866443,-246.696285,-150.963399,4.153846,9517.277299
-803.736860,385.465637,-418.271223,-1189.202497,-2.085106,-309812.940720
-89.456061,-51.117749,-140.573810,-38.338312,1.750000,4572.792473
-420.318053,-201.402401,-621.720454,-218.915652,2.086957,84653.065058
129.572272,-588.964872,-459.392600,718.537144,-0.220000,-76313.516593
-730.145541,-249.317990,-979.463531,-480.827551,2.928571,182038.418690
-175.728552,-73.560789,-249.289341,-102.167763,2.388889,12926.730935
-70.737734,-210.069635,-280.807369,139.331901,0.336735,14859.849962
451.039996,735.907362,1186.947358,-284.867366,0.612903,331923.653613
-633.999605,-139.340572,-773.340177,-494.659033,4.550000,88341.867608
0.684160,0.289452,0.973612,0.394708,2.363639,0.198031
205.407063,-345.948738,-140.541675,551.355801,-0.593750,-71060.314221
-133.074333,-225.647782,-358.722115,92.573449,0.589744,30027.928083
-499.646519,182.303460,-317.343059,-681.949979,-2.740741,-91087.289191
10.158074,20.748405,30.906479,-10.590331,0.489583,210.763833
-207.900559,-31.500085,-239.400644,-176.400474,6.600000,6548.885280
545.891615,545.891615,1091.783230,0.000000,1.000000,297997.655327
61.125339,-241.445088,-180.319749,302.570427,-0.253165,-14758.412854
412.338819,486.788884,899.127703,-74.450065,0.847059,200721.953531
-8.088633,-8.412179,-16.500812,0.323546,0.961538,68.043029
82.338477,-77.847287,4.491190,160.185764,-1.057692,-6409.827050
-27.584189,-12.068083,-39.652272,-15.516106,2.285714,332.888282
2.765303,-9.955091,-7.189788,12.720394,-0.277778,-27.528843
-698.765585,-456.138646,-1154.904231,-242.626939,1.531915,318733.987813
-417.436292,175.323242,-242.113050,-592.759534,-2.380952,-73186.284042
534.731874,-199.391546,335.340328,734.123420,-2.681818,-106621.015052
-20.694371,-41.388741,-62.083112,20.694370,0.500000,856.513961
-574.931335,124.309478,-450.621857,-699.240813,-4.625000,-71469.414140
473.350529,545.251875,1018.602404,-71.901346,0.868132,258095.263469
-55.716220,54.077507,-1.638713,-109.793727,-1.030303,-3012.994277
476.557866,-158.852622,317.705244,635.410488,-3.000000,-75702.466549
-208.930148,6.964338,-201.965810,-215.894486,-30.000001,-1455.060169
-181.809431,-176.127887,-357.937318,-5.681544,1.032258,32021.710919
-396.610263,-42.192581,-438.802844,-354.417682,9.400000,16734.010647
-61.531225,82.041633,20.510408,-143.572858,-0.750000,-5048.122179
38.392454,-178.524913,-140.132459,216.917367,-0.215054,-6854.009510
-348.008750,-528.457731,-876.466481,180.448981,0.658537,183907.914393
110.982787,832.370904,943.353691,-721.388117,0.133333,92378.842744
71.332586,-25.176207,46.156379,96.508793,-2.833333,-1795.883951
-175.036888,568.869886,393.832998,-743.906774,-0.307692,-99573.214522
39.387603,13.129201,52.516804,26.258402,3.000000,517.127757
-198.103853,206.028007,7.924154,-404.131860,-0.961538,-40814.942013
-600.533226,-20.948833,-621.482059,-579.584393,28.666667,12580.470262
184.725955,74.888901,259.614856,109.837054,2.466667,13833.923756
-270.951060,-483.318108,-754.269168,212.367048,0.560606,130955.553680
-82.328507,185.239140,102.910633,-267.567647,-0.444444,-15250.461834
-440.664571,310.097291,-130.567280,-750.761862,-1.421053,-136648.889707
21.993481,44.801536,66.795017,-22.808055,0.490909,985.341731
-488.126374,-158.125445,-646.251819,-330.000929,3.086957,77185.200105
-2.448167,151.786372,149.338205,-154.234539,-0.016129,-371.598387
-99.813630,19.962726,-79.850904,-119.776356,-5.000000,-1992.552147
-20.414033,-34.546826,-54.960859,14.132793,0.590909,705.240046
-713.699897,631.349909,-82.349988,-1345.049806,-1.130435,-450594.365024
-460.908721,-371.700581,-832.609302,-89.208140,1.240000,171320.039384
453.937322,-517.277414,-63.340092,971.214736,-0.877551,-234811.524042
162.912274,237.223136,400.135410,-74.310862,0.686747,38646.560531
-823.742324,318.867996,-504.874328,-1142.610320,-2.583333,-262665.064074
253.829266,135.102674,388.931940,118.726592,1.878788,34293.012576
489.715784,109.936196,599.651980,379.779588,4.454545,53837.490414
-653.640990,180.314756,-473.326234,-833.955746,-3.625000,-117861.115623
358.838708,-157.449637,201.389071,516.288345,-2.279070,-56499.024316
243.999428,-128.099700,115.899728,372.099128,-1.904762,-31256.253527
-272.012727,-164.856198,-436.868925,-107.156529,1.650000,44842.983981
-17.375045,-217.188060,-234.563105,199.813015,0.080000,3773.652316
180.663313,-125.678826,54.984487,306.342139,-1.437500,-22705.553079
762.693711,248.318883,1011.012594,514.374828,3.071429,189391.250387
-442.043078,819.621540,377.578462,-1261.664618,-0.539326,-362308.028337
-213.408123,-79.040045,-292.448168,-134.368078,2.700000,16867.787645
66.436149,-256.253717,-189.817568,322.689866,-0.259259,-17024.510124
516.383535,397.218104,913.601639,119.165431,1.300000,205116.888710
-277.482923,48.631028,-228.851895,-326.113951,-5.705882,-13494.279798
68.634966,-343.174832,-274.539866,411.809798,-0.200000,-23553.792926
323.628628,45.581497,369.210125,278.047131,7.100000,14751.477336
-24.720957,-138.437356,-163.158313,113.716399,0.178571,3422.303925
4.814209,-202.196771,-197.382562,207.010980,-0.023810,-973.417515
-104.333422,85.012418,-19.321004,-189.345840,-1.227273,-8869.636482
381.183094,-28.768535,352.414559,409.951629,-13.250000,-10966.079181
-296.442394,203.804146,-92.638248,-500.246540,-1.454545,-60416.188947
-387.112977,-667.959646,-1055.072623,280.846669,0.579545,258575.847079
352.447416,80.304474,432.751890,272.142942,4.388889,28303.104355
194.067973,170.964643,365.032616,23.103330,1.135135,33178.761722
-4.219840,-113.935675,-118.155515,109.715835,0.037037,480.790319
-806.054725,-806.054725,-1612.109450,0.000000,1.000000,649724.219695
-724.413613,-470.495439,-1194.909052,-253.918174,1.539683,340833.300866
36.916351,57.589507,94.505858,-20.673156,0.641026,2125.994454
59.306470,-1.647402,57.659068,60.953872,-35.999999,-97.701597
426.442393,-408.295909,18.146484,834.738302,-1.044444,-174114.684486
187.402050,-229.567511,-42.165461,416.969561,-0.816327,-43021.422175
-315.601510,-232.059934,-547.661444,-83.541576,1.360000,73238.465581
40.373722,76.710071,117.083793,-36.336349,0.526316,3097.071081
53.265834,-103.398384,-50.132550,156.664218,-0.515152,-5507.601158
167.984912,41.420937,209.405849,126.563975,4.055556,6958.092457
-284.405037,507.467812,223.062775,-791.872849,-0.560440,-144326.401848
678.959317,-216.689144,462.270173,895.648461,-3.133333,-147123.113212
271.965951,60.436878,332.402829,211.529073,4.500000,16436.773001
163.690369,208.966429,372.656798,-45.276060,0.783333,34205.791872
-175.802920,425.983997,250.181077,-601.786917,-0.412698,-74889.230546
-304.397641,-498.105231,-802.502872,193.707590,0.611111,151622.057286
162.891227,29.825154,192.716381,133.066073,5.461539,4858.255931
-19.565511,102.976373,83.410862,-122.541884,-0.190000,-2014.785359
274.210390,117.518739,391.729129,156.691651,2.333333,32224.859253
500.417179,-353.555615,146.861564,853.972794,-1.415385,-176925.303478
81.479156,-119.084921,-37.605765,200.564077,-0.684211,-9702.938855
-692.521735,-133.782608,-826.304343,-558.739127,5.176471,92647.363805
-138.435549,-156.893622,-295.329171,18.458073,0.882353,21719.654696
110.232073,-136.169032,-25.936959,246.401105,-0.809524,-15010.194676
104.660999,-114.175635,-9.514636,218.836634,-0.916667,-11949.736021
9.842099,-9.409479,0.432620,19.251578,-1.045977,-92.609024
-51.021972,438.788961,387.766989,-489.810933,-0.116279,-22387.878082
595.544029,-386.716902,208.827127,982.260931,-1.540000,-230306.941899
547.718064,-563.146741,-15.428677,1110.864805,-0.972603,-308445.642728
117.270069,149.252815,266.522884,-31.982746,0.785714,17502.887913
-268.377450,504.805203,236.427753,-773.182653,-0.531646,-135478.333128
356.202320,242.865218,599.067538,113.337102,1.466667,86509.154099
-247.482948,-39.076255,-286.559203,-208.406693,6.333333,9670.706784
-658.845832,264.896778,-393.949054,-923.742610,-2.487179,-174526.138096
-25.482961,-15.152031,-40.634992,-10.330930,1.681818,386.118615
291.286585,-236.670350,54.616235,527.956935,-1.230769,-68938.898022
732.764193,-750.857136,-18.092943,1483.621329,-0.975904,-550201.223319
-658.601184,-584.508551,-1243.109735,-74.092633,1.126761,384958.023747
-97.756467,21.251406,-76.505061,-119.007873,-4.600000,-2077.462369
91.661941,-353.553199,-261.891258,445.215140,-0.259259,-32407.372467
-323.088019,39.162184,-283.925835,-362.250203,-8.250000,-12652.832448
216.192683,458.328489,674.521172,-242.135806,0.471698,99087.265732
205.322655,-766.011445,-560.688790,971.334100,-0.268041,-157279.503648
-77.092543,-513.950284,-591.042827,436.857741,0.150000,39621.734369
21.198562,-7.066187,14.132375,28.264749,-3.000000,-149.793003
12.933403,24.505395,37.438798,-11.571992,0.527778,316.938149
-360.143423,-15.325252,-375.468675,-344.818171,23.500000,5519.288714
312.985849,252.796262,565.782111,60.189587,1.238095,79121.652686
-72.138400,69.706768,-2.431632,-141.845168,-1.034884,-5028.534713
-417.234043,306.789737,-110.444306,-724.023780,-1.360000,-128003.122319
-576.105053,-416.568269,-992.673322,-159.536784,1.382979,239987.084690
382.524711,172.922130,555.446841,209.602581,2.212121,66146.987804
-220.370280,142.322473,-78.047807,-362.692753,-1.548387,-31363.643225
295.741896,542.193477,837.935373,-246.451581,0.545455,160349.326887
446.889205,169.817898,616.707103,277.071307,2.631579,75889.785432
-53.388788,22.880909,-30.507879,-76.269697,-2.333333,-1221.584000
-329.505944,41.937120,-287.568824,-371.443064,-7.857143,-13818.530314
176.926098,302.248750,479.174848,-125.322652,0.585366,53475.691963
-248.993493,205.053465,-43.940028,-454.046958,-1.214286,-51056.978502
43.145843,-31.301886,11.843957,74.447729,-1.378378,-1350.546259
-263.175796,305.044673,41.868877,-568.220469,-0.862745,-80280.374632
105.392569,164.962282,270.354851,-59.569713,0.638889,17385.798688
-113.718675,-479.596153,-593.314828,365.877478,0.237113,54539.039054
443.481044,-543.420434,-99.939390,986.901478,-0.816092,-240996.661401
-72.011215,783.121960,711.110745,-855.133175,-0.091954,-56393.563833
-132.947780,99.710835,-33.236945,-232.658615,-1.333333,-13256.334155
-118.685291,378.879968,260.194677,-497.565259,-0.313253,-44967.479256
-636.298511,636.298511,0.000000,-1272.597022,-1.000000,-404875.795101
-199.866674,59.051517,-140.815157,-258.918191,-3.384615,-11802.430297
-248.592285,50.787671,-197.804614,-299.379956,-4.894737,-12625.423184
-172.860509,108.037818,-64.822691,-280.898327,-1.600000,-18675.472211
-78.381048,317.443246,239.062198,-395.824294,-0.246914,-24881.534302
-0.925837,-65.734436,-66.660273,64.808599,0.014085,60.859373
295.882135,645.561021,941.443156,-349.678886,0.458333,191009.973166
-286.946690,-143.473345,-430.420035,-143.473345,2.000000,41169.201451
38.191871,401.014646,439.206517,-362.822775,0.095238,15315.499629
-299.135556,580.674903,281.539347,-879.810459,-0.515152,-173700.509964
113.898325,0.000000,113.898325,113.898325,0.000000,0.000000
21.895218,-182.460153,-160.564935,204.355371,-0.120000,-3995.004826
632.398608,645.573579,1277.972187,-13.174971,0.979592,408259.832721
48.235551,-14.292015,33.943536,62.527566,-3.375000,-689.383218
57.044120,-4.889496,52.154624,61.933616,-11.666667,-278.916997
-58.982750,-38.970745,-97.953495,-20.012005,1.513514,2298.601710
313.147685,85.962109,399.109794,227.185576,3.642857,26918.835431
-139.420569,336.933043,197.512474,-476.353612,-0.413793,-46975.396570
-9.083091,-32.926206,-42.009297,23.843115,0.275862,299.071725
-17.765797,306.460005,288.694208,-324.225802,-0.057971,-5444.506237
273.965652,803.002774,1076.968426,-529.037122,0.341176,219995.178537
-41.242138,-63.008821,-104.250959,21.766683,0.654545,2598.618491
117.498784,189.303596,306.802380,-71.804812,0.620690,22242.942337
0.944084,4.139444,5.083528,-3.195360,0.228070,3.907983
-5.580603,541.318465,535.737862,-546.899068,-0.010309,-3020.883450
-17.311025,-19.784029,-37.095054,2.473004,0.875000,342.481821
204.851334,677.585180,882.436514,-472.733846,0.302326,138804.228022
-15.606143,21.281105,5.674962,-36.887248,-0.733333,-332.115968
64.550719,-307.565190,-243.014471,372.115909,-0.209877,-19853.554154
659.781830,-785.454560,-125.672730,1445.236390,-0.840000,-518228.646979
-267.376454,-105.630204,-373.006658,-161.746250,2.531250,28243.029381
27.542157,-477.397392,-449.855235,504.939549,-0.057692,-13148.553922
809.224664,-692.336657,116.888007,1501.561321,-1.168831,-560255.898636
132.945275,-40.906238,92.039037,173.851513,-3.250000,-5438.291060
-150.439876,56.414954,-94.024922,-206.854830,-2.666667,-8487.058684
9.731423,613.079664,622.811087,-603.348241,0.015873,5966.137543
432.094893,-88.019330,344.075563,520.114223,-4.909091,-38032.702978
421.018343,342.689349,763.707692,78.328994,1.228571,144278.501880
-151.865592,-159.365127,-311.230719,7.499535,0.952941,24202.079356
482.622571,442.818648,925.441219,39.803923,1.089888,213714.274385
-660.393380,-398.178361,-1058.571741,-262.215019,1.658537,262954.353664
2.440478,-141.547735,-139.107257,143.988213,-0.017241,-345.444133
21.583759,31.943963,53.527722,-10.360204,0.675676,689.470799
-644.673975,62.676636,-581.997339,-707.350611,-10.285714,-40405.996070
128.190763,-145.572562,-17.381799,273.763325,-0.880597,-18661.057795
-148.165661,22.449343,-125.716318,-170.615004,-6.600000,-3326.221745
209.711946,-100.089792,109.622154,309.801738,-2.095238,-20990.025055
-103.275197,-292.613059,-395.888256,189.337862,0.352941,30219.671313
772.454203,853.292434,1625.746637,-80.838231,0.905263,659129.327031
239.807494,196.563519,436.371013,43.243975,1.220000,47137.404903
160.438357,-697.558073,-537.119716,857.996430,-0.230000,-111915.071144
-49.322501,-482.264453,-531.586954,432.941952,0.102273,23786.488965
-21.837889,-67.697457,-89.535346,45.859568,0.322581,1478.369552
-152.171963,-136.762144,-288.934107,-15.409819,1.112676,20811.363917
495.370451,467.849870,963.220321,27.520581,1.058824,231759.001102
-252.913560,270.355874,17.442314,-523.269434,-0.935484,-68376.666560
8.834297,22.487302,31.321599,-13.653005,0.392857,198.659505
423.406036,239.019536,662.425572,184.386500,1.771429,101202.314264
-51.686216,64.812874,13.126658,-116.499090,-0.797468,-3349.932205
-187.197672,-283.196478,-470.394150,95.998806,0.661017,53013.721400
-21.275271,-21.275271,-42.550542,0.000000,1.000000,452.637156
-133.672696,352.004766,218.332070,-485.677462,-0.379747,-47053.426076
264.372720,271.239544,535.612264,-6.866824,0.974684,71708.336019
-351.703943,-324.649794,-676.353737,-27.054149,1.083333,114180.612644
276.907079,186.912278,463.819357,89.994801,1.481481,51757.332930
-186.444308,98.261189,-88.183119,-284.705497,-1.897436,-18320.239386
100.736022,-329.681527,-228.945505,430.417549,-0.305556,-33210.805557
-249.442927,376.709727,127.266800,-626.152654,-0.662162,-93967.576932
141.642324,-259.003106,-117.360782,400.645430,-0.546875,-36685.801857
60.421782,13.263318,73.685100,47.158464,4.555556,801.393309
-355.671729,-228.646111,-584.317840,-127.025618,1.555556,81322.957628
-344.204673,631.041901,286.837228,-975.246574,-0.545455,-217207.571183
292.918519,-300.429250,-7.510731,593.347769,-0.975000,-88001.290974
-127.989186,-126.518046,-254.507232,-1.471140,1.011628,16192.941722
138.659324,-209.862760,-71.203436,348.522084,-0.660714,-29099.428434
-5.412921,1.578769,-3.834152,-6.991690,-3.428571,-8.545752
-10.407268,-30.805513,-41.212781,20.398245,0.337838,320.601230
-8.062590,0.358337,-7.704253,-8.420927,-22.500021,-2.889124
-218.289259,500.246218,281.956959,-718.535477,-0.436364,-109198.376245
15.244180,464.947481,480.191661,-449.703301,0.032787,7087.743091
171.078754,-612.281858,-441.203104,783.360612,-0.279412,-104748.417363
-202.098757,192.319785,-9.778972,-394.418542,-1.050847,-38867.589495
45.260111,-216.242755,-170.982644,261.502866,-0.209302,-9787.171094
-531.956239,464.697404,-67.258835,-996.653643,-1.144737,-247198.683305
65.374356,-224.887785,-159.513429,290.262141,-0.290698,-14701.894117
220.569795,50.256409,270.826204,170.313386,4.388889,11085.045831
-3.216203,19.297216,16.081013,-22.513419,-0.166667,-62.063764
0.000000,161.780215,161.780215,-161.780215,0.000000,0.000000
-34.337076,-367.897239,-402.234315,333.560163,0.093333,12632.515456
116.120976,184.933406,301.054382,-68.812430,0.627907,21474.647600
-23.802419,-39.670699,-63.473118,15.868280,0.600000,944.258600
789.902939,-677.059662,112.843277,1466.962601,-1.166667,-534811.416892
5.620842,-222.023273,-216.402431,227.644115,-0.025316,-1247.957738
172.001550,-268.002415,-96.000865,440.003965,-0.641791,-46096.830784
-160.405888,-275.413883,-435.819771,115.007995,0.582418,44178.008470
-7.443920,7.443920,0.000000,-14.887840,-1.000000,-55.411945
82.620316,-171.596040,-88.975724,254.216356,-0.481481,-14177.319049
340.756419,-601.334857,-260.578438,942.091276,-0.566667,-204908.712491
223.885149,-211.091712,12.793437,434.976861,-1.060606,-47260.299394
508.784799,-114.886890,393.897909,623.671689,-4.428571,-58452.703236
-175.501365,-155.558028,-331.059393,-19.943337,1.128205,27300.646251
73.174784,6.533463,79.708247,66.641321,11.200000,478.084744
-802.082949,396.535391,-405.547558,-1198.618340,-2.022727,-318054.275796
4.381449,-105.154780,-100.773331,109.536229,-0.041667,-460.730306
-20.608783,-100.099805,-120.708588,79.491022,0.205882,2062.935160
-487.150673,-98.590017,-585.740690,-388.560656,4.941176,48028.193133
6.791909,15.912473,22.704382,-9.120564,0.426829,108.076069
62.447424,430.887222,493.334646,-368.439798,0.144928,26907.797048
447.791131,-243.651057,204.140074,691.442188,-1.837838,-109104.782383
360.359025,810.807806,1171.166831,-450.448781,0.444444,292181.910433
-220.437073,-412.121483,-632.558556,191.684410,0.534884,90846.853433
386.363154,228.955943,615.319097,157.407211,1.687500,88460.140265
-166.537639,-85.870970,-252.408609,-80.666669,1.939394,14300.748602
-506.049783,617.775060,111.725277,-1123.824843,-0.819149,-312624.935056
-475.263210,-117.417969,-592.681179,-357.845241,4.047619,55804.440859
200.333664,213.258417,413.592081,-12.924753,0.939394,42722.840056
-455.550112,-683.325169,-1138.875281,227.775057,0.666667,311288.857270
165.269655,-661.078622,-495.808967,826.348277,-0.250000,-109256.235786
112.857100,-212.692226,-99.835126,325.549326,-0.530612,-24003.827819
-15.469264,-18.047474,-33.516738,2.578210,0.857143,279.181140
-93.097520,-62.786700,-155.884220,-30.310820,1.482759,5845.286059
16.797368,-83.986842,-67.189474,100.784210,-0.200000,-1410.757892
97.103607,-29.878033,67.225574,126.981640,-3.250000,-2901.264774
79.601986,85.725216,165.327202,-6.123230,0.928571,6823.897444
537.021454,431.030378,968.051832,105.991076,1.245902,231472.560312
53.303604,273.625168,326.928772,-220.321564,0.194805,14585.207600
28.487967,109.393792,137.881759,-80.905825,0.260417,3116.406737
22.855583,-149.600178,-126.744595,172.455761,-0.152778,-3419.199285
-278.698807,125.130077,-153.568730,-403.828884,-2.227273,-34873.603180
-365.824933,34.030226,-331.794707,-399.855159,-10.750000,-12449.105146
13.432246,-21.208810,-7.776564,34.641056,-0.633333,-284.881953
632.383949,-507.297014,125.086935,1139.680963,-1.246575,-320806.489029
-677.344550,517.969362,-159.375188,-1195.313912,-1.307692,-350843.724418
-99.353663,56.773521,-42.580142,-156.127184,-1.750000,-5640.657273
-31.736684,10.075138,-21.661546,-41.811822,-3.150000,-319.751471
224.312893,-379.011441,-154.698548,603.324334,-0.591837,-85017.152811
481.127586,51.813740,532.941326,429.313846,9.285714,24929.019648
27.845861,95.789761,123.635622,-67.943900,0.290698,2667.348370
516.944454,833.781378,1350.725832,-316.836924,0.620000,431018.659206
-825.833148,301.186207,-524.646941,-1127.019355,-2.741935,-248729.553461
28.446012,11.977268,40.423280,16.468744,2.375000,340.705509
226.155932,380.134438,606.290370,-153.978506,0.594937,85969.658111
-120.778028,-110.985215,-231.763243,-9.792813,1.088235,13404.575405
8.899076,16.200883,25.099959,-7.301807,0.549296,144.172889
-6.188846,-23.576558,-29.765404,17.387712,0.262500,145.911687
34.007289,187.040087,221.047376,-153.032798,0.181818,6360.726293
-70.586642,33.276560,-37.310082,-103.863202,-2.121212,-2348.880628
142.260054,-221.758320,-79.498266,364.018374,-0.641509,-31547.350578
0.036027,0.342256,0.378283,-0.306229,0.105263,0.012330
-51.471952,-65.989682,-117.461634,14.517730,0.780000,3396.617744
572.530387,669.101777,1241.632164,-96.571390,0.855670,383081.099328
230.896527,-426.808733,-195.912206,657.705260,-0.540984,-98548.654143
67.659725,-57.994050,9.665675,125.653775,-1.166667,-3923.861475
-271.864555,-391.484959,-663.349514,119.620404,0.694444,106430.884168
148.747272,374.843125,523.590397,-226.095853,0.396825,55756.892272
-13.770708,-25.475809,-39.246517,11.705101,0.540541,350.819927
240.501141,473.928720,714.429861,-233.427579,0.507463,113980.397913
-86.897342,-208.553621,-295.450963,121.656279,0.416667,18122.755329
-93.521547,-348.107979,-441.629526,254.586432,0.268657,32555.596719
-59.578551,43.771997,-15.806554,-103.350548,-1.361111,-2607.872156
51.321394,-564.535337,-513.213943,615.856731,-0.090909,-28972.740457
-209.759884,113.999937,-95.759947,-323.759821,-1.840000,-23912.613561
-117.421675,244.628489,127.206814,-362.050164,-0.480000,-28724.686931
-529.130646,558.124106,28.993460,-1087.254752,-0.948052,-295320.568756
-84.496384,-394.316459,-478.812843,309.820075,0.214286,33318.314937
6.958456,25.050441,32.008897,-18.091985,0.277778,174.312391
265.301840,227.401577,492.703417,37.900263,1.166667,60330.056797
2.599119,-25.991191,-23.392072,28.590310,-0.100000,-67.554198
-295.456155,-232.144122,-527.600277,-63.312033,1.272727,68588.409692
-316.984235,87.170665,-229.813570,-404.154900,-3.636364,-27631.726559
92.159567,-150.027203,-57.867636,242.186770,-0.614286,-13826.442067
126.391126,137.590339,263.981465,-11.199213,0.918605,17390.197873
129.774807,-76.172169,53.602638,205.946976,-1.703704,-9885.228531
-314.166188,-675.457303,-989.623491,361.291115,0.465116,212205.846040
312.660806,-530.163975,-217.503169,842.824781,-0.589744,-165761.495736
439.332223,-706.751838,-267.419615,1146.084061,-0.621622,-310498.856098
68.892462,-61.765655,7.126807,130.658117,-1.115385,-4255.188040
-15.260784,-87.749509,-103.010293,72.488725,0.173913,1339.126303
112.901244,258.059986,370.961230,-145.158742,0.437500,29135.293446
-35.746248,31.324031,-4.422217,-67.070279,-1.141176,-1119.716580
1.892991,18.929912,20.822903,-17.036921,0.100000,35.834153
136.268327,224.441951,360.710278,-88.173624,0.607143,30584.329171
101.178946,-189.710525,-88.531579,290.889471,-0.533333,-19194.710965
809.660234,98.958473,908.618707,710.701761,8.181818,80122.740405
400.427142,-859.453378,-459.026236,1259.880520,-0.465909,-344148.459835
166.977365,166.977365,333.954730,0.000000,1.000000,27881.440422
135.957398,41.833045,177.790443,94.124353,3.250000,5687.511949
145.241469,-3.300942,141.940527,148.542411,-44.000006,-479.433665
668.238532,-704.165335,-35.926803,1372.403867,-0.948980,-470550.409746
633.613721,346.507504,980.121225,287.106217,1.828571,219551.908964
122.835180,-24.567036,98.268144,147.402216,-5.000000,-3017.696289
-19.918666,-253.962988,-273.881654,234.044322,0.078431,5058.603934
168.031908,574.846001,742.877909,-406.814093,0.292308,96592.470354
56.808028,39.328635,96.136663,17.479393,1.444444,2234.182198
146.264561,-468.046595,-321.782034,614.311156,-0.312500,-68458.629745
146.234478,185.031380,331.265858,-38.796902,0.790323,27057.967268
-437.738459,-612.833843,-1050.572302,175.095384,0.714286,268260.942058
79.921495,19.111662,99.033157,60.809833,4.181818,1527.432599
-530.600225,317.065988,-213.534237,-847.666213,-1.673469,-168235.284573
-323.883254,298.178234,-25.705020,-622.061488,-1.086207,-96574.936700
191.150232,-86.886469,104.263763,278.036701,-2.200000,-16608.368707
-233.078177,238.498600,5.420423,-471.576777,-0.977273,-55588.818905
110.713134,-320.485388,-209.772254,431.198522,-0.345455,-35481.941707
363.105171,233.424753,596.529924,129.680418,1.555556,84757.734854
-474.079521,-347.093935,-821.173456,-126.985586,1.365854,164550.126447
-51.781682,-45.567880,-97.349562,-6.213802,1.136364,2359.581472
99.932417,103.263497,203.195914,-3.331080,0.967742,10319.370843
-102.340051,268.642633,166.302582,-370.982684,-0.380952,-27492.900762
-0.710539,21.789862,21.079323,-22.500401,-0.032609,-15.482547
7.441319,-4.960880,2.480439,12.402199,-1.500000,-36.915491
229.713293,100.499566,330.212859,129.213727,2.285714,23086.086251
61.192693,-78.676319,-17.483626,139.869012,-0.777778,-4814.415835
-22.833573,10.453925,-12.379648,-33.287498,-2.184211,-238.700460
-148.453041,402.943970,254.490929,-551.397011,-0.368421,-59818.257699
-53.480841,22.021523,-31.459318,-75.502364,-2.428571,-1177.729570
656.690178,-477.592857,179.097321,1134.283035,-1.375000,-313630.538275
-25.514482,-133.039797,-158.554279,107.525315,0.191781,3394.441506
171.911828,85.955914,257.867742,85.955914,2.000000,14776.838303
110.231513,-744.062712,-633.831199,854.294225,-0.148148,-82019.158511
-519.374036,442.020457,-77.353579,-961.394493,-1.175000,-229573.948747
309.360442,13.258305,322.618747,296.102137,23.333333,4101.595095
2.625940,1.875671,4.501611,0.750269,1.400000,4.925400
418.117152,52.264644,470.381796,365.852508,8.000000,21852.744100
494.663398,-131.910239,362.753159,626.573637,-3.750000,-65251.167055
17.355441,237.191030,254.546471,-219.835589,0.073171,4116.554927
502.446010,-481.215897,21.230113,983.661907,-1.044118,-241785.007396
-146.396245,43.057719,-103.338526,-189.453964,-3.400000,-6303.488380
-364.629740,420.251226,55.621486,-784.880966,-0.867647,-153236.095271
-251.867824,353.498701,101.630877,-605.366525,-0.712500,-89034.948608
434.722801,-427.822439,6.900362,862.545240,-1.016129,-185984.169013
208.727754,653.115876,861.843630,-444.388122,0.319588,136323.409899
2.216777,28.079179,30.295956,-25.862402,0.078947,62.245278
-51.963293,77.944939,25.981646,-129.908232,-0.666667,-4050.275703
-79.472046,-86.791840,-166.263886,7.319794,0.915663,6897.525101
-166.021404,-207.526755,-373.548159,41.505351,0.800000,34453.883233
-2.379916,-3.173222,-5.553138,0.793306,0.750000,7.552002
-84.489974,-38.404534,-122.894508,-46.085440,2.200000,3244.798079
472.495479,-499.114942,-26.619463,971.610421,-0.946667,-235829.553596
-573.329962,372.664475,-200.665487,-945.994437,-1.538462,-213659.709290
-272.623582,94.583692,-178.039890,-367.207274,-2.882353,-25785.744912
85.688431,-242.783888,-157.095457,328.472319,-0.352941,-20803.770435
191.167578,-537.089861,-345.922283,728.257439,-0.355932,-102674.167896
245.909923,209.023435,454.933358,36.886488,1.176471,51400.936806
586.221989,-267.623082,318.598907,853.845071,-2.190476,-156886.535432
-380.453607,-48.421368,-428.874975,-332.032239,7.857143,18422.084111
490.899199,498.691250,989.590449,-7.792051,0.984375,244807.135173
-114.738897,-614.672662,-729.411559,499.933765,0.186667,70526.863254
-2.005341,8.021365,6.016024,-10.026706,-0.250000,-16.085572
-653.408002,-806.152730,-1459.560732,152.744728,0.810526,526746.644616
-81.068497,-50.318378,-131.386875,-30.750119,1.611111,4079.235276
-67.061090,-80.473308,-147.534398,13.412218,0.833333,5396.627750
155.816129,-48.356730,107.459399,204.172859,-3.222222,-7534.758480
-24.670733,-40.634149,-65.304882,15.963416,0.607143,1002.474241
38.997457,10.539853,49.537310,28.457604,3.700000,411.027464
-20.783580,7.793842,-12.989738,-28.577422,-2.666667,-161.983939
-67.146052,147.721314,80.575262,-214.867366,-0.454545,-9918.903031
-36.843979,184.219895,147.375916,-221.063874,-0.200000,-6787.393943
-251.994786,130.444360,-121.550426,-382.439146,-1.931818,-32871.298583
48.432304,395.530484,443.962788,-347.098180,0.122449,19156.452642
412.407164,-10.021171,402.385993,422.428335,-41.153590,-4132.802712
305.970987,-162.257341,143.713646,468.228328,-1.885714,-49646.038774
239.515966,12.281990,251.797956,227.233976,19.501397,2941.732699
-215.229697,-47.828822,-263.058519,-167.400875,4.500000,10294.182867
725.552097,-253.943234,471.608863,979.495331,-2.857143,-184249.045948
-632.254600,-358.023689,-990.278289,-274.230911,1.765957,226362.124279
-115.589573,0.000000,-115.589573,-115.589573,0.000000,-0.000000
621.580623,406.274003,1027.854626,215.306620,1.529954,252532.047893
-667.680344,-80.222464,-747.902808,-587.457880,8.322860,53562.962360
445.738950,-4.631433,441.107517,450.370383,-96.242124,-2064.410082
316.916834,-133.438667,183.478167,450.355501,-2.375000,-42288.959879
-849.969080,5814.553702,4964.584622,-6664.522782,-0.146180,-4942190.860700
-69.016924,228.286749,159.269825,-297.303673,-0.302326,-15755.649206
28.692905,338.649351,367.342256,-309.956446,0.084727,9716.833657
-95.523608,155.225862,59.702254,-250.749470,-0.615385,-14827.734393
-81.613157,51.688333,-29.924824,-133.301490,-1.578947,-4218.448036
315.204264,-769.469232,-454.264968,1084.673496,-0.409639,-242539.982943
-180.172696,-571.582347,-751.755043,391.409651,0.315217,102983.532445
431.069978,-303.869001,127.200977,734.938979,-1.418605,-130988.803576
81.452712,2167.430575,2248.883287,-2085.977863,0.037580,176543.098405
-1616.181256,302.050121,-1314.131135,-1918.231377,-5.350706,-488167.743933
244.189462,374.802429,618.991891,-130.612967,0.651515,91522.803494
595.654486,794.205982,1389.860468,-198.551496,0.750000,473072.355986
-85.295370,-151.980840,-237.276210,66.685470,0.561224,12963.261981
-134.708003,-87.560202,-222.268205,-47.147801,1.538462,11795.059954
-799.353991,0.000000,-799.353991,-799.353991,0.000000,-0.000000
-329.484317,219.656211,-109.828106,-549.140528,-1.500000,-72373.276656
-677.074386,-74.478182,-751.552568,-602.596204,9.090909,50427.269348
-15.837676,19.700524,3.862848,-35.538200,-0.803922,-312.010516
165.179224,-557.479879,-392.300655,722.659103,-0.296296,-92084.093809
194.393084,-613.085881,-418.692797,807.478965,-0.317073,-119179.655164
515.519522,16.012205,531.531727,499.507317,32.195411,8254.604268
-464.168925,470.994938,6.826013,-935.163863,-0.985507,-218621.214052
-458.299722,171.862396,-286.437326,-630.162118,-2.666667,-78764.488309
